Ryan Colon, Hilbert Transform Filter, Attempt 5 (firpm)
-0.00000833866889
-0.00000000139268
-0.00000194669635
-0.00000000177017
-0.00000218498420
-0.00000000132746
-0.00000241408124
-0.00000000057423
-0.00000268508466
0.00000000029136
-0.00000296881369
0.00000000104170
-0.00000327134022
0.00000000147922
-0.00000358788625
0.00000000148768
-0.00000392819305
0.00000000106251
-0.00000429225575
0.00000000031208
-0.00000468323400
-0.00000000057069
-0.00000509775532
-0.00000000135842
-0.00000553700029
-0.00000000184862
-0.00000600094021
-0.00000000191636
-0.00000649355430
-0.00000000154682
-0.00000701644907
-0.00000000083918
-0.00000757196165
0.00000000001922
-0.00000815974776
0.00000000080173
-0.00000878078668
0.00000000130134
-0.00000943539753
0.00000000138464
-0.00001012567308
0.00000000102657
-0.00001085286407
0.00000000031689
-0.00001161892954
-0.00000000056308
-0.00001242487747
-0.00000000138780
-0.00001327268707
-0.00000000194624
-0.00001416406821
-0.00000000209676
-0.00001510156823
-0.00000000180413
-0.00001608695569
-0.00000000114860
-0.00001712207415
-0.00000000030506
-0.00001820793638
0.00000000050251
-0.00001934602170
0.00000000105948
-0.00002053767180
0.00000000121628
-0.00002178493347
0.00000000092757
-0.00002308964196
0.00000000026384
-0.00002445402749
-0.00000000060676
-0.00002588008238
-0.00000000146230
-0.00002737029842
-0.00000000208497
-0.00002892707247
-0.00000000231759
-0.00003055310801
-0.00000000210478
-0.00003225067451
-0.00000000150724
-0.00003402202524
-0.00000000068596
-0.00003586902562
0.00000000013966
-0.00003779380610
0.00000000074894
-0.00003979847247
0.00000000097760
-0.00004188552547
0.00000000076019
-0.00004405740770
0.00000000014748
-0.00004631684372
-0.00000000070694
-0.00004866651607
-0.00000000158665
-0.00005110943925
-0.00000000226873
-0.00005364858929
-0.00000000258179
-0.00005628709019
-0.00000000245080
-0.00005902779284
-0.00000000191625
-0.00006187353985
-0.00000000112412
-0.00006482697958
-0.00000000028739
-0.00006789096132
0.00000000036919
-0.00007106835879
0.00000000066771
-0.00007436231945
0.00000000052339
-0.00007777599814
-0.00000000003329
-0.00008131278038
-0.00000000086454
-0.00008497608086
-0.00000000176113
-0.00008876955530
-0.00000000249693
-0.00009269683250
-0.00000000288778
-0.00009676161213
-0.00000000283943
-0.00010096739591
-0.00000000237213
-0.00010531768049
-0.00000000161535
-0.00010981585511
-0.00000000077402
-0.00011446547218
-0.00000000007520
-0.00011927013301
0.00000000029112
-0.00012423366450
0.00000000022145
-0.00012935995690
-0.00000000027421
-0.00013465313112
-0.00000000107501
-0.00014011739934
-0.00000000198064
-0.00014575718972
-0.00000000276358
-0.00015157693030
-0.00000000322841
-0.00015758109566
-0.00000000326249
-0.00016377401129
-0.00000000286553
-0.00017015999248
-0.00000000214959
-0.00017674327389
-0.00000000130980
-0.00018352820256
-0.00000000057365
-0.00019051915990
-0.00000000014167
-0.00019772070553
-0.00000000013526
-0.00020513748453
-0.00000000056492
-0.00021277437211
-0.00000000132775
-0.00022063637851
-0.00000000223400
-0.00022872873229
-0.00000000305669
-0.00023705670427
-0.00000000359056
-0.00024562562994
-0.00000000370568
-0.00025444075727
-0.00000000338115
-0.00026350734716
-0.00000000271069
-0.00027283061297
-0.00000000187806
-0.00028241586010
-0.00000000110932
-0.00029226842718
-0.00000000061391
-0.00030239380880
-0.00000000053006
-0.00031279760451
-0.00000000088883
-0.00032348564665
-0.00000000160602
-0.00033446393089
-0.00000000250402
-0.00034573867363
-0.00000000335818
-0.00035731616382
-0.00000000395523
-0.00036920277252
-0.00000000414884
-0.00038140482901
-0.00000000389779
-0.00039392869493
-0.00000000327662
-0.00040678071073
-0.00000000245626
-0.00041996730324
-0.00000000165949
-0.00043349494544
-0.00000000110292
-0.00044737027168
-0.00000000094055
-0.00046160005852
-0.00000000122367
-0.00047619134302
-0.00000000188750
-0.00049115137160
-0.00000000276803
-0.00050648764164
-0.00000000364477
-0.00052220777383
-0.00000000429815
-0.00053831951350
-0.00000000456672
-0.00055483062407
-0.00000000438919
-0.00057174894069
-0.00000000382037
-0.00058908231967
-0.00000000301694
-0.00060683872519
-0.00000000219659
-0.00062502620516
-0.00000000158132
-0.00064365300418
-0.00000000133965
-0.00066272756787
-0.00000000154267
-0.00068225865514
-0.00000000214555
-0.00070225530037
-0.00000000299923
-0.00072272684574
-0.00000000388919
-0.00074368283049
-0.00000000459137
-0.00076513298769
-0.00000000493048
-0.00078708715024
-0.00000000482566
-0.00080955529013
-0.00000000431162
-0.00083254747158
-0.00000000352942
-0.00085607392744
-0.00000000268992
-0.00088014505217
-0.00000000201871
-0.00090477151915
-0.00000000169741
-0.00092996430745
-0.00000000181637
-0.00095573481491
-0.00000000235109
-0.00098209483633
-0.00000000316865
-0.00100905659668
-0.00000000406225
-0.00103663265964
-0.00000000480517
-0.00106483592714
-0.00000000520974
-0.00109367955792
-0.00000000517622
-0.00112317699876
-0.00000000471882
-0.00115334194304
-0.00000000396196
-0.00118418840239
-0.00000000310790
-0.00121573071572
-0.00000000238394
-0.00124798367262
-0.00000000198337
-0.00128096255938
-0.00000000201505
-0.00131468327714
-0.00000000247498
-0.00134916233884
-0.00000000324748
-0.00138441691264
-0.00000000413522
-0.00142046475643
-0.00000000491060
-0.00145732423087
-0.00000000537513
-0.00149501423914
-0.00000000541100
-0.00153355426413
-0.00000000501187
-0.00157296434411
-0.00000000428440
-0.00161326515478
-0.00000000342063
-0.00165447804426
-0.00000000264779
-0.00169662517498
-0.00000000216918
-0.00173972959829
-0.00000000211127
-0.00178381539187
-0.00000000249068
-0.00182890768913
-0.00000000320985
-0.00187503275066
-0.00000000408252
-0.00192221794017
-0.00000000488213
-0.00197049177038
-0.00000000540097
-0.00201988388205
-0.00000000550411
-0.00207042511022
-0.00000000516470
-0.00212214749989
-0.00000000447085
-0.00217508442532
-0.00000000360273
-0.00222927067625
-0.00000000278563
-0.00228474264768
-0.00000000223128
-0.00234153847310
-0.00000000208268
-0.00239969821826
-0.00000000237691
-0.00245926398119
-0.00000000303539
-0.00252028003648
-0.00000000388441
-0.00258279289778
-0.00000000470034
-0.00264685144703
-0.00000000526788
-0.00271250700599
-0.00000000543616
-0.00277981349228
-0.00000000515802
-0.00284882753907
-0.00000000450225
-0.00291960872381
-0.00000000363575
-0.00299221978198
-0.00000000278000
-0.00306672693081
-0.00000000215340
-0.00314320015554
-0.00000000191438
-0.00322171356649
-0.00000000212012
-0.00330234568793
-0.00000000271167
-0.00338517980678
-0.00000000352931
-0.00347030426519
-0.00000000435414
-0.00355781283340
-0.00000000496510
-0.00364780504934
-0.00000000519654
-0.00374038666162
-0.00000000498137
-0.00383567007082
-0.00000000436857
-0.00393377491026
-0.00000000351035
-0.00403482865658
-0.00000000262260
-0.00413896738930
-0.00000000192859
-0.00424633656784
-0.00000000160087
-0.00435709193339
-0.00000000171628
-0.00447140041424
-0.00000000223598
-0.00458944116145
-0.00000000301554
-0.00471140661400
-0.00000000384257
-0.00483750372916
-0.00000000449205
-0.00496795528465
-0.00000000478493
-0.00510300139809
-0.00000000463477
-0.00524290118654
-0.00000000407024
-0.00538793472209
-0.00000000322771
-0.00553840520566
-0.00000000231565
-0.00569464149989
-0.00000000156043
-0.00585700093167
-0.00000000114725
-0.00602587250722
-0.00000000117205
-0.00620168047366
-0.00000000161636
-0.00638488840356
-0.00000000235225
-0.00657600377206
-0.00000000317558
-0.00677558323590
-0.00000000385920
-0.00698423862413
-0.00000000421211
-0.00720264390182
-0.00000000412922
-0.00743154318201
-0.00000000361871
-0.00767176011537
-0.00000000279993
-0.00792420880191
-0.00000000187228
-0.00818990663010
-0.00000000106332
-0.00846998929254
-0.00000000056947
-0.00876572853354
-0.00000000050488
-0.00907855308834
-0.00000000087169
-0.00941007364054
-0.00000000155946
-0.00976211260276
-0.00000000237398
-0.01013673998968
-0.00000000308784
-0.01053631677118
-0.00000000349964
-0.01096354774807
-0.00000000348651
-0.01142154636720
-0.00000000303607
-0.01191391488689
-0.00000000224965
-0.01244484415548
-0.00000000131598
-0.01301923894802
-0.00000000046193
-0.01364287666807
0.00000000010648
-0.01432261038003
0.00000000025778
-0.01506663117735
-0.00000000003071
-0.01588481130610
-0.00000000066698
-0.01678915847863
-0.00000000146834
-0.01779442598452
-0.00000000220894
-0.01891894458653
-0.00000000267866
-0.02018577651462
-0.00000000273783
-0.02162434695031
-0.00000000235360
-0.02327280072955
-0.00000000160851
-0.02518149024412
-0.00000000067900
-0.02741828320427
0.00000000021055
-0.03007690333419
0.00000000084622
-0.03329053891010
0.00000000108032
-0.03725505720720
0.00000000086980
-0.04227079051932
0.00000000028747
-0.04882289376000
-0.00000000049694
-0.05774936494543
-0.00000000126104
-0.07063309291339
-0.00000000178769
-0.09086598702282
-0.00000000192155
-0.12726701818420
-0.00000000160957
-0.21217242440156
-0.00000000091481
-0.63660838279857
0.00000000000000
0.63660838279857
0.00000000091481
0.21217242440156
0.00000000160957
0.12726701818420
0.00000000192155
0.09086598702282
0.00000000178769
0.07063309291339
0.00000000126104
0.05774936494543
0.00000000049694
0.04882289376000
-0.00000000028747
0.04227079051932
-0.00000000086980
0.03725505720720
-0.00000000108032
0.03329053891010
-0.00000000084622
0.03007690333419
-0.00000000021055
0.02741828320427
0.00000000067900
0.02518149024412
0.00000000160851
0.02327280072955
0.00000000235360
0.02162434695031
0.00000000273783
0.02018577651462
0.00000000267866
0.01891894458653
0.00000000220894
0.01779442598452
0.00000000146834
0.01678915847863
0.00000000066698
0.01588481130610
0.00000000003071
0.01506663117735
-0.00000000025778
0.01432261038003
-0.00000000010648
0.01364287666807
0.00000000046193
0.01301923894802
0.00000000131598
0.01244484415548
0.00000000224965
0.01191391488689
0.00000000303607
0.01142154636720
0.00000000348651
0.01096354774807
0.00000000349964
0.01053631677118
0.00000000308784
0.01013673998968
0.00000000237398
0.00976211260276
0.00000000155946
0.00941007364054
0.00000000087169
0.00907855308834
0.00000000050488
0.00876572853354
0.00000000056947
0.00846998929254
0.00000000106332
0.00818990663010
0.00000000187228
0.00792420880191
0.00000000279993
0.00767176011537
0.00000000361871
0.00743154318201
0.00000000412922
0.00720264390182
0.00000000421211
0.00698423862413
0.00000000385920
0.00677558323590
0.00000000317558
0.00657600377206
0.00000000235225
0.00638488840356
0.00000000161636
0.00620168047366
0.00000000117205
0.00602587250722
0.00000000114725
0.00585700093167
0.00000000156043
0.00569464149989
0.00000000231565
0.00553840520566
0.00000000322771
0.00538793472209
0.00000000407024
0.00524290118654
0.00000000463477
0.00510300139809
0.00000000478493
0.00496795528465
0.00000000449205
0.00483750372916
0.00000000384257
0.00471140661400
0.00000000301554
0.00458944116145
0.00000000223598
0.00447140041424
0.00000000171628
0.00435709193339
0.00000000160087
0.00424633656784
0.00000000192859
0.00413896738930
0.00000000262260
0.00403482865658
0.00000000351035
0.00393377491026
0.00000000436857
0.00383567007082
0.00000000498137
0.00374038666162
0.00000000519654
0.00364780504934
0.00000000496510
0.00355781283340
0.00000000435414
0.00347030426519
0.00000000352931
0.00338517980678
0.00000000271167
0.00330234568793
0.00000000212012
0.00322171356649
0.00000000191438
0.00314320015554
0.00000000215340
0.00306672693081
0.00000000278000
0.00299221978198
0.00000000363575
0.00291960872381
0.00000000450225
0.00284882753907
0.00000000515802
0.00277981349228
0.00000000543616
0.00271250700599
0.00000000526788
0.00264685144703
0.00000000470034
0.00258279289778
0.00000000388441
0.00252028003648
0.00000000303539
0.00245926398119
0.00000000237691
0.00239969821826
0.00000000208268
0.00234153847310
0.00000000223128
0.00228474264768
0.00000000278563
0.00222927067625
0.00000000360273
0.00217508442532
0.00000000447085
0.00212214749989
0.00000000516470
0.00207042511022
0.00000000550411
0.00201988388205
0.00000000540097
0.00197049177038
0.00000000488213
0.00192221794017
0.00000000408252
0.00187503275066
0.00000000320985
0.00182890768913
0.00000000249068
0.00178381539187
0.00000000211127
0.00173972959829
0.00000000216918
0.00169662517498
0.00000000264779
0.00165447804426
0.00000000342063
0.00161326515478
0.00000000428440
0.00157296434411
0.00000000501187
0.00153355426413
0.00000000541100
0.00149501423914
0.00000000537513
0.00145732423087
0.00000000491060
0.00142046475643
0.00000000413522
0.00138441691264
0.00000000324748
0.00134916233884
0.00000000247498
0.00131468327714
0.00000000201505
0.00128096255938
0.00000000198337
0.00124798367262
0.00000000238394
0.00121573071572
0.00000000310790
0.00118418840239
0.00000000396196
0.00115334194304
0.00000000471882
0.00112317699876
0.00000000517622
0.00109367955792
0.00000000520974
0.00106483592714
0.00000000480517
0.00103663265964
0.00000000406225
0.00100905659668
0.00000000316865
0.00098209483633
0.00000000235109
0.00095573481491
0.00000000181637
0.00092996430745
0.00000000169741
0.00090477151915
0.00000000201871
0.00088014505217
0.00000000268992
0.00085607392744
0.00000000352942
0.00083254747158
0.00000000431162
0.00080955529013
0.00000000482566
0.00078708715024
0.00000000493048
0.00076513298769
0.00000000459137
0.00074368283049
0.00000000388919
0.00072272684574
0.00000000299923
0.00070225530037
0.00000000214555
0.00068225865514
0.00000000154267
0.00066272756787
0.00000000133965
0.00064365300418
0.00000000158132
0.00062502620516
0.00000000219659
0.00060683872519
0.00000000301694
0.00058908231967
0.00000000382037
0.00057174894069
0.00000000438919
0.00055483062407
0.00000000456672
0.00053831951350
0.00000000429815
0.00052220777383
0.00000000364477
0.00050648764164
0.00000000276803
0.00049115137160
0.00000000188750
0.00047619134302
0.00000000122367
0.00046160005852
0.00000000094055
0.00044737027168
0.00000000110292
0.00043349494544
0.00000000165949
0.00041996730324
0.00000000245626
0.00040678071073
0.00000000327662
0.00039392869493
0.00000000389779
0.00038140482901
0.00000000414884
0.00036920277252
0.00000000395523
0.00035731616382
0.00000000335818
0.00034573867363
0.00000000250402
0.00033446393089
0.00000000160602
0.00032348564665
0.00000000088883
0.00031279760451
0.00000000053006
0.00030239380880
0.00000000061391
0.00029226842718
0.00000000110932
0.00028241586010
0.00000000187806
0.00027283061297
0.00000000271069
0.00026350734716
0.00000000338115
0.00025444075727
0.00000000370568
0.00024562562994
0.00000000359056
0.00023705670427
0.00000000305669
0.00022872873229
0.00000000223400
0.00022063637851
0.00000000132775
0.00021277437211
0.00000000056492
0.00020513748453
0.00000000013526
0.00019772070553
0.00000000014167
0.00019051915990
0.00000000057365
0.00018352820256
0.00000000130980
0.00017674327389
0.00000000214959
0.00017015999248
0.00000000286553
0.00016377401129
0.00000000326249
0.00015758109566
0.00000000322841
0.00015157693030
0.00000000276358
0.00014575718972
0.00000000198064
0.00014011739934
0.00000000107501
0.00013465313112
0.00000000027421
0.00012935995690
-0.00000000022145
0.00012423366450
-0.00000000029112
0.00011927013301
0.00000000007520
0.00011446547218
0.00000000077402
0.00010981585511
0.00000000161535
0.00010531768049
0.00000000237213
0.00010096739591
0.00000000283943
0.00009676161213
0.00000000288778
0.00009269683250
0.00000000249693
0.00008876955530
0.00000000176113
0.00008497608086
0.00000000086454
0.00008131278038
0.00000000003329
0.00007777599814
-0.00000000052339
0.00007436231945
-0.00000000066771
0.00007106835879
-0.00000000036919
0.00006789096132
0.00000000028739
0.00006482697958
0.00000000112412
0.00006187353985
0.00000000191625
0.00005902779284
0.00000000245080
0.00005628709019
0.00000000258179
0.00005364858929
0.00000000226873
0.00005110943925
0.00000000158665
0.00004866651607
0.00000000070694
0.00004631684372
-0.00000000014748
0.00004405740770
-0.00000000076019
0.00004188552547
-0.00000000097760
0.00003979847247
-0.00000000074894
0.00003779380610
-0.00000000013966
0.00003586902562
0.00000000068596
0.00003402202524
0.00000000150724
0.00003225067451
0.00000000210478
0.00003055310801
0.00000000231759
0.00002892707247
0.00000000208497
0.00002737029842
0.00000000146230
0.00002588008238
0.00000000060676
0.00002445402749
-0.00000000026384
0.00002308964196
-0.00000000092757
0.00002178493347
-0.00000000121628
0.00002053767180
-0.00000000105948
0.00001934602170
-0.00000000050251
0.00001820793638
0.00000000030506
0.00001712207415
0.00000000114860
0.00001608695569
0.00000000180413
0.00001510156823
0.00000000209676
0.00001416406821
0.00000000194624
0.00001327268707
0.00000000138780
0.00001242487747
0.00000000056308
0.00001161892954
-0.00000000031689
0.00001085286407
-0.00000000102657
0.00001012567308
-0.00000000138464
0.00000943539753
-0.00000000130134
0.00000878078668
-0.00000000080173
0.00000815974776
-0.00000000001922
0.00000757196165
0.00000000083918
0.00000701644907
0.00000000154682
0.00000649355430
0.00000000191636
0.00000600094021
0.00000000184862
0.00000553700029
0.00000000135842
0.00000509775532
0.00000000057069
0.00000468323400
-0.00000000031208
0.00000429225575
-0.00000000106251
0.00000392819305
-0.00000000148768
0.00000358788625
-0.00000000147922
0.00000327134022
-0.00000000104170
0.00000296881369
-0.00000000029136
0.00000268508466
0.00000000057423
0.00000241408124
0.00000000132746
0.00000218498420
0.00000000177017
0.00000194669635
0.00000000139268
0.00000833866889