Ryan Colon, Hilbert Transform Filter, Attempt 7 (Testing)
-0.00294813082785
-0.00003505481370
-0.00015599703972
-0.00003693198235
-0.00016031872375
-0.00003886072533
-0.00016470919385
-0.00004083989215
-0.00016918059982
-0.00004289120369
-0.00017372389436
-0.00004500633734
-0.00017832933003
-0.00004717678520
-0.00018303647796
-0.00004941657091
-0.00018779530813
-0.00005171807599
-0.00019265678154
-0.00005408119886
-0.00019758706632
-0.00005650391752
-0.00020259641167
-0.00005898843803
-0.00020768041403
-0.00006153415389
-0.00021283713701
-0.00006414084943
-0.00021808905058
-0.00006680817231
-0.00022341194304
-0.00006952701051
-0.00022883407281
-0.00007228884274
-0.00023432384171
-0.00007509851345
-0.00023989432332
-0.00007796557561
-0.00024554971514
-0.00008089502260
-0.00025127703004
-0.00008388182730
-0.00025713521240
-0.00008692843233
-0.00026297178167
-0.00009001649135
-0.00026903652242
-0.00009314395578
-0.00027510803893
-0.00009636305654
-0.00028125950920
-0.00009969575094
-0.00028751886900
-0.00010306754847
-0.00029388718032
-0.00010649430731
-0.00030040132933
-0.00011004975828
-0.00030690973243
-0.00011370376316
-0.00031361382675
-0.00011748262682
-0.00032038824298
-0.00012136959056
-0.00032728249931
-0.00012536197292
-0.00033427605847
-0.00012945988048
-0.00034136749108
-0.00013367045889
-0.00034856329902
-0.00013799812241
-0.00035582960016
-0.00014241921809
-0.00036318338686
-0.00014691318656
-0.00037058898619
-0.00015145383086
-0.00037806264601
-0.00015602265133
-0.00038560416200
-0.00016060527061
-0.00039322476061
-0.00016519870168
-0.00040096467305
-0.00016981460990
-0.00040883682426
-0.00017447377090
-0.00041696094788
-0.00017923792119
-0.00042535905551
-0.00018420187690
-0.00043415667744
-0.00018947692993
-0.00044335628426
-0.00019516626334
-0.00045275081996
-0.00020130907934
-0.00046148444336
-0.00020756400378
-0.00046480930663
-0.00021170394816
-0.00047850010036
-0.00021782774604
-0.00048673316756
-0.00022375382022
-0.00049582857089
-0.00022977442062
-0.00050509484604
-0.00023589115727
-0.00051449400903
-0.00024212143061
-0.00052402780836
-0.00024848100018
-0.00053366513823
-0.00025495309726
-0.00054345139560
-0.00026155727081
-0.00055333839516
-0.00026828567230
-0.00056336326023
-0.00027514533378
-0.00057351879241
-0.00028213506739
-0.00058381587559
-0.00028925866727
-0.00059426097312
-0.00029651880410
-0.00060483503854
-0.00030391064006
-0.00061556338247
-0.00031144797142
-0.00062641754030
-0.00031913404509
-0.00063743881851
-0.00032697182197
-0.00064861641156
-0.00033495491949
-0.00065995074662
-0.00034307866465
-0.00067145375026
-0.00035135200585
-0.00068305997043
-0.00035974550077
-0.00069495264005
-0.00036833731148
-0.00070680790890
-0.00037707070402
-0.00071895718128
-0.00038594163066
-0.00073127414232
-0.00039492978260
-0.00074370693391
-0.00040411809613
-0.00075628871763
-0.00041350918786
-0.00076902392174
-0.00042304161812
-0.00078202815413
-0.00043278130230
-0.00079513441519
-0.00044268674058
-0.00080845602100
-0.00045280421204
-0.00082195081508
-0.00046314226927
-0.00083564733511
-0.00047370612816
-0.00084954721337
-0.00048447892508
-0.00086363777687
-0.00049543210753
-0.00087793648664
-0.00050656586552
-0.00089241443711
-0.00051786689421
-0.00090710159766
-0.00052934413108
-0.00092198236489
-0.00054100205684
-0.00093707252658
-0.00055285886693
-0.00095238898424
-0.00056494316823
-0.00096793715487
-0.00057728956928
-0.00098376517978
-0.00058995902270
-0.00099981603890
-0.00060295506688
-0.00101613102770
-0.00061625882364
-0.00103258328797
-0.00062977179573
-0.00104912238989
-0.00064335368549
-0.00106579969804
-0.00065689812695
-0.00108297698825
-0.00067066980157
-0.00110173937628
-0.00068580068230
-0.00111830519869
-0.00070025108497
-0.00113668434395
-0.00071524593780
-0.00115498698335
-0.00073051824373
-0.00117358339386
-0.00074610403769
-0.00119247110538
-0.00076200063338
-0.00121164900070
-0.00077820240359
-0.00123114526889
-0.00079473834998
-0.00125093036876
-0.00081159050922
-0.00127105725249
-0.00082878620064
-0.00129150126091
-0.00084632621048
-0.00131228141723
-0.00086422458005
-0.00133339722430
-0.00088248746967
-0.00135485454303
-0.00090112310124
-0.00137668553357
-0.00092015497741
-0.00139888490007
-0.00093958060060
-0.00142150022332
-0.00095942041274
-0.00144450366415
-0.00097967816083
-0.00146792218874
-0.00100037105253
-0.00149176511322
-0.00102151377720
-0.00151603436610
-0.00104310483625
-0.00154080906472
-0.00106522094094
-0.00156589294878
-0.00108771287545
-0.00159170697017
-0.00111077028930
-0.00161779686707
-0.00113432627103
-0.00164437982874
-0.00115844173913
-0.00167155629683
-0.00118307900017
-0.00169928613345
-0.00120826077331
-0.00172755837871
-0.00123407040202
-0.00175632208081
-0.00126046573772
-0.00178574722893
-0.00128754329584
-0.00181577945099
-0.00131527390719
-0.00184648736525
-0.00134367415864
-0.00187786296476
-0.00137274801095
-0.00190992053710
-0.00140252287098
-0.00194268848530
-0.00143304371005
-0.00197617610462
-0.00146432916870
-0.00201043728064
-0.00149642858411
-0.00204547582944
-0.00152936760540
-0.00208134754180
-0.00156319617170
-0.00211808384730
-0.00159795925045
-0.00215572490644
-0.00163369785523
-0.00219432186794
-0.00167044552043
-0.00223387569152
-0.00170817701279
-0.00227447023836
-0.00174692526971
-0.00231606600989
-0.00178669245236
-0.00235880864556
-0.00182759606874
-0.00240277666617
-0.00186981661145
-0.00244802150353
-0.00191353484556
-0.00249445017408
-0.00195861268592
-0.00254172468237
-0.00200441674631
-0.00259135217487
-0.00205231640001
-0.00264176167405
-0.00210152755686
-0.00269393462158
-0.00215238825687
-0.00274771415870
-0.00220493478161
-0.00280320418590
-0.00225926428015
-0.00286050055190
-0.00231548314764
-0.00291968500595
-0.00237367106520
-0.00298088900784
-0.00243396866318
-0.00304418513943
-0.00249646582943
-0.00310972284169
-0.00256129954663
-0.00317762275431
-0.00262860027019
-0.00324804006049
-0.00269852418514
-0.00332113880305
-0.00277124038771
-0.00339707380739
-0.00284691220067
-0.00347604526816
-0.00292575022964
-0.00355821930390
-0.00300794432830
-0.00364385436605
-0.00309373685714
-0.00373317107509
-0.00318337050523
-0.00382643462968
-0.00327711698283
-0.00392393661648
-0.00337529204518
-0.00402592209786
-0.00347811682546
-0.00413296186008
-0.00358624544083
-0.00424492147583
-0.00369969367773
-0.00436287152783
-0.00381916935677
-0.00448697626914
-0.00394508656940
-0.00461764670010
-0.00407802151053
-0.00475555948519
-0.00421859832662
-0.00490143811636
-0.00436747273348
-0.00505607440100
-0.00452549592032
-0.00522018024974
-0.00469345832674
-0.00539473877049
-0.00487241162711
-0.00558076751513
-0.00506349144270
-0.00577951262470
-0.00526802673831
-0.00599238536142
-0.00548752169411
-0.00622100048715
-0.00572369836671
-0.00646724229862
-0.00597859005889
-0.00673326977265
-0.00625453568916
-0.00702166618255
-0.00655432771541
-0.00733543096526
-0.00688123769388
-0.00767815709954
-0.00723917450875
-0.00805412909389
-0.00763283334227
-0.00846850512951
-0.00806790969884
-0.00892762108842
-0.00855145982126
-0.00943921154318
-0.00909214272587
-0.01001306954580
-0.00970091873868
-0.01066135555388
-0.01039155979020
-0.01139975333416
-0.01118181411610
-0.01224866525541
-0.01209501625938
-0.01323520659965
-0.01316274895584
-0.01439625268725
-0.01442859798533
-0.01578220245073
-0.01595247902035
-0.01746692546022
-0.01782366450501
-0.01955843520035
-0.02017626425486
-0.02222528105591
-0.02322430718779
-0.02574359912974
-0.02733060246507
-0.03059994866682
-0.03316348872241
-0.03773884381353
-0.04210424100455
-0.04926723949612
-0.05754318130708
-0.07103787924829
-0.09062009912507
-0.12763213783387
-0.21188678352074
-0.63693377778582
0.63693377778582
0.21188678352074
0.12763213783387
0.09062009912507
0.07103787924829
0.05754318130708
0.04926723949612
0.04210424100455
0.03773884381353
0.03316348872241
0.03059994866682
0.02733060246507
0.02574359912974
0.02322430718779
0.02222528105591
0.02017626425486
0.01955843520035
0.01782366450501
0.01746692546022
0.01595247902035
0.01578220245073
0.01442859798533
0.01439625268725
0.01316274895584
0.01323520659965
0.01209501625938
0.01224866525541
0.01118181411610
0.01139975333416
0.01039155979020
0.01066135555388
0.00970091873868
0.01001306954580
0.00909214272587
0.00943921154318
0.00855145982126
0.00892762108842
0.00806790969884
0.00846850512951
0.00763283334227
0.00805412909389
0.00723917450875
0.00767815709954
0.00688123769388
0.00733543096526
0.00655432771541
0.00702166618255
0.00625453568916
0.00673326977265
0.00597859005889
0.00646724229862
0.00572369836671
0.00622100048715
0.00548752169411
0.00599238536142
0.00526802673831
0.00577951262470
0.00506349144270
0.00558076751513
0.00487241162711
0.00539473877049
0.00469345832674
0.00522018024974
0.00452549592032
0.00505607440100
0.00436747273348
0.00490143811636
0.00421859832662
0.00475555948519
0.00407802151053
0.00461764670010
0.00394508656940
0.00448697626914
0.00381916935677
0.00436287152783
0.00369969367773
0.00424492147583
0.00358624544083
0.00413296186008
0.00347811682546
0.00402592209786
0.00337529204518
0.00392393661648
0.00327711698283
0.00382643462968
0.00318337050523
0.00373317107509
0.00309373685714
0.00364385436605
0.00300794432830
0.00355821930390
0.00292575022964
0.00347604526816
0.00284691220067
0.00339707380739
0.00277124038771
0.00332113880305
0.00269852418514
0.00324804006049
0.00262860027019
0.00317762275431
0.00256129954663
0.00310972284169
0.00249646582943
0.00304418513943
0.00243396866318
0.00298088900784
0.00237367106520
0.00291968500595
0.00231548314764
0.00286050055190
0.00225926428015
0.00280320418590
0.00220493478161
0.00274771415870
0.00215238825687
0.00269393462158
0.00210152755686
0.00264176167405
0.00205231640001
0.00259135217487
0.00200441674631
0.00254172468237
0.00195861268592
0.00249445017408
0.00191353484556
0.00244802150353
0.00186981661145
0.00240277666617
0.00182759606874
0.00235880864556
0.00178669245236
0.00231606600989
0.00174692526971
0.00227447023836
0.00170817701279
0.00223387569152
0.00167044552043
0.00219432186794
0.00163369785523
0.00215572490644
0.00159795925045
0.00211808384730
0.00156319617170
0.00208134754180
0.00152936760540
0.00204547582944
0.00149642858411
0.00201043728064
0.00146432916870
0.00197617610462
0.00143304371005
0.00194268848530
0.00140252287098
0.00190992053710
0.00137274801095
0.00187786296476
0.00134367415864
0.00184648736525
0.00131527390719
0.00181577945099
0.00128754329584
0.00178574722893
0.00126046573772
0.00175632208081
0.00123407040202
0.00172755837871
0.00120826077331
0.00169928613345
0.00118307900017
0.00167155629683
0.00115844173913
0.00164437982874
0.00113432627103
0.00161779686707
0.00111077028930
0.00159170697017
0.00108771287545
0.00156589294878
0.00106522094094
0.00154080906472
0.00104310483625
0.00151603436610
0.00102151377720
0.00149176511322
0.00100037105253
0.00146792218874
0.00097967816083
0.00144450366415
0.00095942041274
0.00142150022332
0.00093958060060
0.00139888490007
0.00092015497741
0.00137668553357
0.00090112310124
0.00135485454303
0.00088248746967
0.00133339722430
0.00086422458005
0.00131228141723
0.00084632621048
0.00129150126091
0.00082878620064
0.00127105725249
0.00081159050922
0.00125093036876
0.00079473834998
0.00123114526889
0.00077820240359
0.00121164900070
0.00076200063338
0.00119247110538
0.00074610403769
0.00117358339386
0.00073051824373
0.00115498698335
0.00071524593780
0.00113668434395
0.00070025108497
0.00111830519869
0.00068580068230
0.00110173937628
0.00067066980157
0.00108297698825
0.00065689812695
0.00106579969804
0.00064335368549
0.00104912238989
0.00062977179573
0.00103258328797
0.00061625882364
0.00101613102770
0.00060295506688
0.00099981603890
0.00058995902270
0.00098376517978
0.00057728956928
0.00096793715487
0.00056494316823
0.00095238898424
0.00055285886693
0.00093707252658
0.00054100205684
0.00092198236489
0.00052934413108
0.00090710159766
0.00051786689421
0.00089241443711
0.00050656586552
0.00087793648664
0.00049543210753
0.00086363777687
0.00048447892508
0.00084954721337
0.00047370612816
0.00083564733511
0.00046314226927
0.00082195081508
0.00045280421204
0.00080845602100
0.00044268674058
0.00079513441519
0.00043278130230
0.00078202815413
0.00042304161812
0.00076902392174
0.00041350918786
0.00075628871763
0.00040411809613
0.00074370693391
0.00039492978260
0.00073127414232
0.00038594163066
0.00071895718128
0.00037707070402
0.00070680790890
0.00036833731148
0.00069495264005
0.00035974550077
0.00068305997043
0.00035135200585
0.00067145375026
0.00034307866465
0.00065995074662
0.00033495491949
0.00064861641156
0.00032697182197
0.00063743881851
0.00031913404509
0.00062641754030
0.00031144797142
0.00061556338247
0.00030391064006
0.00060483503854
0.00029651880410
0.00059426097312
0.00028925866727
0.00058381587559
0.00028213506739
0.00057351879241
0.00027514533378
0.00056336326023
0.00026828567230
0.00055333839516
0.00026155727081
0.00054345139560
0.00025495309726
0.00053366513823
0.00024848100018
0.00052402780836
0.00024212143061
0.00051449400903
0.00023589115727
0.00050509484604
0.00022977442062
0.00049582857089
0.00022375382022
0.00048673316756
0.00021782774604
0.00047850010036
0.00021170394816
0.00046480930663
0.00020756400378
0.00046148444336
0.00020130907934
0.00045275081996
0.00019516626334
0.00044335628426
0.00018947692993
0.00043415667744
0.00018420187690
0.00042535905551
0.00017923792119
0.00041696094788
0.00017447377090
0.00040883682426
0.00016981460990
0.00040096467305
0.00016519870168
0.00039322476061
0.00016060527061
0.00038560416200
0.00015602265133
0.00037806264601
0.00015145383086
0.00037058898619
0.00014691318656
0.00036318338686
0.00014241921809
0.00035582960016
0.00013799812241
0.00034856329902
0.00013367045889
0.00034136749108
0.00012945988048
0.00033427605847
0.00012536197292
0.00032728249931
0.00012136959056
0.00032038824298
0.00011748262682
0.00031361382675
0.00011370376316
0.00030690973243
0.00011004975828
0.00030040132933
0.00010649430731
0.00029388718032
0.00010306754847
0.00028751886900
0.00009969575094
0.00028125950920
0.00009636305654
0.00027510803893
0.00009314395578
0.00026903652242
0.00009001649135
0.00026297178167
0.00008692843233
0.00025713521240
0.00008388182730
0.00025127703004
0.00008089502260
0.00024554971514
0.00007796557561
0.00023989432332
0.00007509851345
0.00023432384171
0.00007228884274
0.00022883407281
0.00006952701051
0.00022341194304
0.00006680817231
0.00021808905058
0.00006414084943
0.00021283713701
0.00006153415389
0.00020768041403
0.00005898843803
0.00020259641167
0.00005650391752
0.00019758706632
0.00005408119886
0.00019265678154
0.00005171807599
0.00018779530813
0.00004941657091
0.00018303647796
0.00004717678520
0.00017832933003
0.00004500633734
0.00017372389436
0.00004289120369
0.00016918059982
0.00004083989215
0.00016470919385
0.00003886072533
0.00016031872375
0.00003693198235
0.00015599703972
0.00003505481370
0.00294813082785