Ryan Colon, Hilbert Transform Filter, Attempt 16 (Guess)
0.00424134516816
-0.00018264295317
0.00023145356529
-0.00019975411328
0.00024132856737
-0.00020940729429
0.00024954761076
-0.00021764160719
0.00025748915960
-0.00022553534570
0.00026535461493
-0.00023328825824
0.00027300921103
-0.00024082676794
0.00028021345440
-0.00024798140871
0.00028672359185
-0.00025456674927
0.00029234279382
-0.00026042456348
0.00029694378887
-0.00026544593644
0.00030047124868
-0.00026957786297
0.00030292997992
-0.00027281787515
0.00030436487231
-0.00027520037117
0.00030483837011
-0.00027677877075
0.00030441038702
-0.00027760768805
0.00030312409946
-0.00027772874216
0.00030099922486
-0.00027716245499
0.00029803260004
-0.00027590713534
0.00029420445485
-0.00027394405027
0.00028948794306
-0.00027124688140
0.00028385930194
-0.00026779272845
0.00027730638667
-0.00026357187694
0.00026983407960
-0.00025859415375
0.00026146598529
-0.00025289074910
0.00025224267886
-0.00024651159711
0.00024221741896
-0.00023951946567
0.00023145058355
-0.00023198256310
0.00022000412625
-0.00022396760027
0.00020793712902
-0.00021553487653
0.00019530313231
-0.00020673623235
0.00018214945581
-0.00019761586354
0.00016851827878
-0.00018821325320
0.00015444890925
-0.00017856703288
0.00013998049092
-0.00016871851394
0.00012515439122
-0.00015871390816
0.00011001567597
-0.00014860476206
0.00009461335758
-0.00013844669707
0.00007899943718
-0.00012829701481
0.00006322706989
-0.00011821197560
0.00004734839279
-0.00010824455284
0.00003141261909
-0.00009844323705
0.00001546490648
-0.00008885210558
-0.00000045371977
-0.00007951200212
-0.00001630540546
-0.00007046238515
-0.00003205376947
-0.00006174327584
-0.00004766196753
-0.00005339677248
-0.00006309106985
-0.00004546777071
-0.00007829920544
-0.00003800377168
-0.00009324170275
-0.00003105390105
-0.00010787217634
-0.00002466743838
-0.00012214425432
-0.00001889223653
-0.00013601348150
-0.00001377338583
-0.00014943891222
-0.00000935237253
-0.00016238402416
-0.00000566683036
-0.00017481680014
-0.00000275083081
-0.00018670907058
-0.00000063553693
-0.00019803541333
0.00000065002015
-0.00020877201181
0.00000107828615
-0.00021889585229
0.00000062284066
-0.00022838451236
-0.00000074153452
-0.00023721659860
-0.00000303838452
-0.00024537269596
-0.00000628881533
-0.00025283655152
-0.00001051060780
-0.00025959616897
-0.00001571740970
-0.00026564454331
-0.00002191817640
-0.00027097989481
-0.00002911696006
-0.00027560542259
-0.00003731305057
-0.00027952874011
-0.00004650137307
-0.00028276123868
-0.00005667297373
-0.00028531762974
-0.00006781539658
-0.00028721584871
-0.00007991278123
-0.00028847738798
-0.00009294558592
-0.00028912800224
-0.00010688994601
-0.00028919862957
-0.00012171678251
-0.00028872632364
-0.00013739085159
-0.00028775500161
-0.00015386995009
-0.00028633587013
-0.00017110445688
-0.00028452747713
-0.00018903730662
-0.00028239542313
-0.00020760438447
-0.00028001183104
-0.00022673523008
-0.00027745470325
-0.00024635387666
-0.00027480728772
-0.00026637964314
-0.00027215753613
-0.00028672774543
-0.00026959768311
-0.00030730968009
-0.00026722391895
-0.00032803343230
-0.00026513608482
-0.00034880363834
-0.00026343729713
-0.00036952186823
-0.00026223341043
-0.00039008717536
-0.00026163225359
-0.00041039699606
-0.00026174261539
-0.00043034839276
-0.00026267300375
-0.00044983954783
-0.00026453024692
-0.00046877135877
-0.00026741803423
-0.00048704897123
-0.00027143550329
-0.00050458312033
-0.00027667596498
-0.00052129121555
-0.00028322582151
-0.00053709818235
-0.00029116368463
-0.00055193713794
-0.00030055965189
-0.00056575001325
-0.00031147466350
-0.00057848822936
-0.00032395984907
-0.00059011349894
-0.00033805578979
-0.00060059876628
-0.00035379166088
-0.00060992924018
-0.00037118427348
-0.00061810343053
-0.00039023708775
-0.00062513408200
-0.00041093930390
-0.00063104890861
-0.00043326514611
-0.00063589106601
-0.00045717343013
-0.00063971934158
-0.00048260745809
-0.00064260808393
-0.00050949522593
-0.00064464692241
-0.00053774987889
-0.00064594033773
-0.00056727032183
-0.00064660713710
-0.00059794189510
-0.00064677986544
-0.00062963705827
-0.00064660415553
-0.00066221607531
-0.00064623799258
-0.00069552774757
-0.00064585084827
-0.00072941027874
-0.00064562263173
-0.00076369236668
-0.00064574240960
-0.00079819459730
-0.00064640686526
-0.00083273117164
-0.00064781849287
-0.00086711194197
-0.00065018355173
-0.00090114468425
-0.00065370983300
-0.00093463750371
-0.00065860430964
-0.00096740126858
-0.00066507074581
-0.00099925198926
-0.00067330733369
-0.00103001310076
-0.00068350440447
-0.00105951764889
-0.00069584223147
-0.00108761041401
-0.00071048891570
-0.00111415001969
-0.00072759832407
-0.00113901106493
-0.00074730804582
-0.00116208629259
-0.00076973734518
-0.00118328877127
-0.00079498511468
-0.00120255403543
-0.00082312786780
-0.00121984210741
-0.00085421783988
-0.00123513932042
-0.00088828128489
-0.00124845987290
-0.00092531705442
-0.00125984706883
-0.00096529552492
-0.00126937422486
-0.00100815790491
-0.00127714525128
-0.00105381591528
-0.00128329492812
-0.00110215180430
-0.00128798890398
-0.00115301864510
-0.00129142343845
-0.00120624086893
-0.00129382489647
-0.00126161501225
-0.00129544898615
-0.00131891068971
-0.00129657971683
-0.00137787183769
-0.00129752804375
-0.00143821829281
-0.00129863016291
-0.00149964777048
-0.00130024542528
-0.00156183828878
-0.00130275385257
-0.00162445104880
-0.00130655325625
-0.00168713374399
-0.00131205598271
-0.00174952423829
-0.00131968532792
-0.00181125453549
-0.00132987167962
-0.00187195496288
-0.00134304845082
-0.00193125850924
-0.00135964786432
-0.00198880528260
-0.00138009663496
-0.00204424707925
-0.00140481157826
-0.00209725207166
-0.00143419515684
-0.00214750962617
-0.00146863096556
-0.00219473524973
-0.00150847915625
-0.00223867564384
-0.00155407181586
-0.00227911381870
-0.00160570833360
-0.00231587419998
-0.00166365081869
-0.00234882764904
-0.00172811965169
-0.00237789631784
-0.00179928926341
-0.00240305827095
-0.00187728423092
-0.00242435182514
-0.00196217576143
-0.00244187957723
-0.00205397860674
-0.00245581210903
-0.00215264842102
-0.00246639136984
-0.00225807955220
-0.00247393374313
-0.00237010324813
-0.00247883280230
-0.00248848626466
-0.00248156175624
-0.00261292988205
-0.00248267557814
-0.00274306935995
-0.00248281280555
-0.00287847388253
-0.00248269699768
-0.00301864705507
-0.00248313783878
-0.00316302800830
-0.00248503188642
-0.00331099314682
-0.00248936297941
-0.00346185854942
-0.00249720234269
-0.00361488299809
-0.00250970845168
-0.00376927158915
-0.00252812674544
-0.00392417986788
-0.00255378930175
-0.00407871842979
-0.00258811460671
-0.00423195794449
-0.00263260756459
-0.00438293457536
-0.00268885990435
-0.00453065578355
-0.00275855114916
-0.00467410651247
-0.00284345033287
-0.00481225574512
-0.00294541867769
-0.00494406341352
-0.00306641349585
-0.00506848761915
-0.00320849364881
-0.00518449210256
-0.00337382698996
-0.00529105388260
-0.00356470033012
-0.00538717097660
-0.00378353259891
-0.00547187011133
-0.00403289203115
-0.00554421434147
-0.00431551839315
-0.00560331050340
-0.00463435149632
-0.00564831644478
-0.00499256754826
-0.00567844798158
-0.00539362530170
-0.00569298554178
-0.00584132452529
-0.00569128045790
-0.00633988010075
-0.00567276086992
-0.00689401613240
-0.00563693719568
-0.00750908595668
-0.00558340712049
-0.00819122603818
-0.00551186005161
-0.00894755470317
-0.00542208097975
-0.00978643091047
-0.00531395368958
-0.01071779445391
-0.00518746326619
-0.01175361819195
-0.00504269785514
-0.01290851683591
-0.00487984964902
-0.01420057838145
-0.00469921509207
-0.01565251835698
-0.00450119431205
-0.01729331233375
-0.00428628980246
-0.01916055427745
-0.00405510438518
-0.02130394680038
-0.00380833848258
-0.02379061187464
-0.00354678672008
-0.02671343519831
-0.00327133386913
-0.03020467904114
-0.00298295013123
-0.03445920174952
-0.00268268576102
-0.03977624946761
-0.00237166503327
-0.04663982016131
-0.00205107957640
-0.05588669109509
-0.00172218111811
-0.06909847414466
-0.00138627371488
-0.08966575349333
-0.00104470555611
-0.12640613506069
-0.00069886044368
-0.21165446064660
-0.00035014904456
-0.63643548878458
0.00000000000000
0.63643548878458
0.00035014904456
0.21165446064660
0.00069886044368
0.12640613506069
0.00104470555611
0.08966575349333
0.00138627371488
0.06909847414466
0.00172218111811
0.05588669109509
0.00205107957640
0.04663982016131
0.00237166503327
0.03977624946761
0.00268268576102
0.03445920174952
0.00298295013123
0.03020467904114
0.00327133386913
0.02671343519831
0.00354678672008
0.02379061187464
0.00380833848258
0.02130394680038
0.00405510438518
0.01916055427745
0.00428628980246
0.01729331233375
0.00450119431205
0.01565251835698
0.00469921509207
0.01420057838145
0.00487984964902
0.01290851683591
0.00504269785514
0.01175361819195
0.00518746326619
0.01071779445391
0.00531395368958
0.00978643091047
0.00542208097975
0.00894755470317
0.00551186005161
0.00819122603818
0.00558340712049
0.00750908595668
0.00563693719568
0.00689401613240
0.00567276086992
0.00633988010075
0.00569128045790
0.00584132452529
0.00569298554178
0.00539362530170
0.00567844798158
0.00499256754826
0.00564831644478
0.00463435149632
0.00560331050340
0.00431551839315
0.00554421434147
0.00403289203115
0.00547187011133
0.00378353259891
0.00538717097660
0.00356470033012
0.00529105388260
0.00337382698996
0.00518449210256
0.00320849364881
0.00506848761915
0.00306641349585
0.00494406341352
0.00294541867769
0.00481225574512
0.00284345033287
0.00467410651247
0.00275855114916
0.00453065578355
0.00268885990435
0.00438293457536
0.00263260756459
0.00423195794449
0.00258811460671
0.00407871842979
0.00255378930175
0.00392417986788
0.00252812674544
0.00376927158915
0.00250970845168
0.00361488299809
0.00249720234269
0.00346185854942
0.00248936297941
0.00331099314682
0.00248503188642
0.00316302800830
0.00248313783878
0.00301864705507
0.00248269699768
0.00287847388253
0.00248281280555
0.00274306935995
0.00248267557814
0.00261292988205
0.00248156175624
0.00248848626466
0.00247883280230
0.00237010324813
0.00247393374313
0.00225807955220
0.00246639136984
0.00215264842102
0.00245581210903
0.00205397860674
0.00244187957723
0.00196217576143
0.00242435182514
0.00187728423092
0.00240305827095
0.00179928926341
0.00237789631784
0.00172811965169
0.00234882764904
0.00166365081869
0.00231587419998
0.00160570833360
0.00227911381870
0.00155407181586
0.00223867564384
0.00150847915625
0.00219473524973
0.00146863096556
0.00214750962617
0.00143419515684
0.00209725207166
0.00140481157826
0.00204424707925
0.00138009663496
0.00198880528260
0.00135964786432
0.00193125850924
0.00134304845082
0.00187195496288
0.00132987167962
0.00181125453549
0.00131968532792
0.00174952423829
0.00131205598271
0.00168713374399
0.00130655325625
0.00162445104880
0.00130275385257
0.00156183828878
0.00130024542528
0.00149964777048
0.00129863016291
0.00143821829281
0.00129752804375
0.00137787183769
0.00129657971683
0.00131891068971
0.00129544898615
0.00126161501225
0.00129382489647
0.00120624086893
0.00129142343845
0.00115301864510
0.00128798890398
0.00110215180430
0.00128329492812
0.00105381591528
0.00127714525128
0.00100815790491
0.00126937422486
0.00096529552492
0.00125984706883
0.00092531705442
0.00124845987290
0.00088828128489
0.00123513932042
0.00085421783988
0.00121984210741
0.00082312786780
0.00120255403543
0.00079498511468
0.00118328877127
0.00076973734518
0.00116208629259
0.00074730804582
0.00113901106493
0.00072759832407
0.00111415001969
0.00071048891570
0.00108761041401
0.00069584223147
0.00105951764889
0.00068350440447
0.00103001310076
0.00067330733369
0.00099925198926
0.00066507074581
0.00096740126858
0.00065860430964
0.00093463750371
0.00065370983300
0.00090114468425
0.00065018355173
0.00086711194197
0.00064781849287
0.00083273117164
0.00064640686526
0.00079819459730
0.00064574240960
0.00076369236668
0.00064562263173
0.00072941027874
0.00064585084827
0.00069552774757
0.00064623799258
0.00066221607531
0.00064660415553
0.00062963705827
0.00064677986544
0.00059794189510
0.00064660713710
0.00056727032183
0.00064594033773
0.00053774987889
0.00064464692241
0.00050949522593
0.00064260808393
0.00048260745809
0.00063971934158
0.00045717343013
0.00063589106601
0.00043326514611
0.00063104890861
0.00041093930390
0.00062513408200
0.00039023708775
0.00061810343053
0.00037118427348
0.00060992924018
0.00035379166088
0.00060059876628
0.00033805578979
0.00059011349894
0.00032395984907
0.00057848822936
0.00031147466350
0.00056575001325
0.00030055965189
0.00055193713794
0.00029116368463
0.00053709818235
0.00028322582151
0.00052129121555
0.00027667596498
0.00050458312033
0.00027143550329
0.00048704897123
0.00026741803423
0.00046877135877
0.00026453024692
0.00044983954783
0.00026267300375
0.00043034839276
0.00026174261539
0.00041039699606
0.00026163225359
0.00039008717536
0.00026223341043
0.00036952186823
0.00026343729713
0.00034880363834
0.00026513608482
0.00032803343230
0.00026722391895
0.00030730968009
0.00026959768311
0.00028672774543
0.00027215753613
0.00026637964314
0.00027480728772
0.00024635387666
0.00027745470325
0.00022673523008
0.00028001183104
0.00020760438447
0.00028239542313
0.00018903730662
0.00028452747713
0.00017110445688
0.00028633587013
0.00015386995009
0.00028775500161
0.00013739085159
0.00028872632364
0.00012171678251
0.00028919862957
0.00010688994601
0.00028912800224
0.00009294558592
0.00028847738798
0.00007991278123
0.00028721584871
0.00006781539658
0.00028531762974
0.00005667297373
0.00028276123868
0.00004650137307
0.00027952874011
0.00003731305057
0.00027560542259
0.00002911696006
0.00027097989481
0.00002191817640
0.00026564454331
0.00001571740970
0.00025959616897
0.00001051060780
0.00025283655152
0.00000628881533
0.00024537269596
0.00000303838452
0.00023721659860
0.00000074153452
0.00022838451236
-0.00000062284066
0.00021889585229
-0.00000107828615
0.00020877201181
-0.00000065002015
0.00019803541333
0.00000063553693
0.00018670907058
0.00000275083081
0.00017481680014
0.00000566683036
0.00016238402416
0.00000935237253
0.00014943891222
0.00001377338583
0.00013601348150
0.00001889223653
0.00012214425432
0.00002466743838
0.00010787217634
0.00003105390105
0.00009324170275
0.00003800377168
0.00007829920544
0.00004546777071
0.00006309106985
0.00005339677248
0.00004766196753
0.00006174327584
0.00003205376947
0.00007046238515
0.00001630540546
0.00007951200212
0.00000045371977
0.00008885210558
-0.00001546490648
0.00009844323705
-0.00003141261909
0.00010824455284
-0.00004734839279
0.00011821197560
-0.00006322706989
0.00012829701481
-0.00007899943718
0.00013844669707
-0.00009461335758
0.00014860476206
-0.00011001567597
0.00015871390816
-0.00012515439122
0.00016871851394
-0.00013998049092
0.00017856703288
-0.00015444890925
0.00018821325320
-0.00016851827878
0.00019761586354
-0.00018214945581
0.00020673623235
-0.00019530313231
0.00021553487653
-0.00020793712902
0.00022396760027
-0.00022000412625
0.00023198256310
-0.00023145058355
0.00023951946567
-0.00024221741896
0.00024651159711
-0.00025224267886
0.00025289074910
-0.00026146598529
0.00025859415375
-0.00026983407960
0.00026357187694
-0.00027730638667
0.00026779272845
-0.00028385930194
0.00027124688140
-0.00028948794306
0.00027394405027
-0.00029420445485
0.00027590713534
-0.00029803260004
0.00027716245499
-0.00030099922486
0.00027772874216
-0.00030312409946
0.00027760768805
-0.00030441038702
0.00027677877075
-0.00030483837011
0.00027520037117
-0.00030436487231
0.00027281787515
-0.00030292997992
0.00026957786297
-0.00030047124868
0.00026544593644
-0.00029694378887
0.00026042456348
-0.00029234279382
0.00025456674927
-0.00028672359185
0.00024798140871
-0.00028021345440
0.00024082676794
-0.00027300921103
0.00023328825824
-0.00026535461493
0.00022553534570
-0.00025748915960
0.00021764160719
-0.00024954761076
0.00020940729429
-0.00024132856737
0.00019975411328
-0.00023145356529
0.00018264295317
-0.00424134516816