Ryan Colon, Hilbert Transform Filter, Attempt 14 (Book)
0.00000000000000
-0.00402694160858
0.00000000000000
-0.00019951365850
0.00000000000000
-0.00014597666287
0.00000000000000
-0.00014771335875
0.00000000000000
-0.00015027643095
0.00000000000000
-0.00015285194342
0.00000000000000
-0.00015539593936
0.00000000000000
-0.00015787874046
0.00000000000000
-0.00016026837856
0.00000000000000
-0.00016253991450
0.00000000000000
-0.00016474273065
0.00000000000000
-0.00016726726918
0.00000000000000
-0.00017145645192
0.00000000000000
-0.00017689258718
0.00000000000000
-0.00017659524207
0.00000000000000
-0.00018031284754
0.00000000000000
-0.00018331892930
0.00000000000000
-0.00018772281618
0.00000000000000
-0.00018679118587
0.00000000000000
-0.00019040669313
0.00000000000000
-0.00019482195385
0.00000000000000
-0.00019805499048
0.00000000000000
-0.00020082391182
0.00000000000000
-0.00020358085302
0.00000000000000
-0.00020660975996
0.00000000000000
-0.00021021549713
0.00000000000000
-0.00021375155126
0.00000000000000
-0.00021621983769
0.00000000000000
-0.00021956925121
0.00000000000000
-0.00022327512950
0.00000000000000
-0.00022582939454
0.00000000000000
-0.00022991074387
0.00000000000000
-0.00023257322486
0.00000000000000
-0.00023641124551
0.00000000000000
-0.00023980542759
0.00000000000000
-0.00024257592394
0.00000000000000
-0.00024662678612
0.00000000000000
-0.00025061981859
0.00000000000000
-0.00025420822616
0.00000000000000
-0.00025768443762
0.00000000000000
-0.00026105129129
0.00000000000000
-0.00026491406312
0.00000000000000
-0.00026881426470
0.00000000000000
-0.00027226861504
0.00000000000000
-0.00027639568627
0.00000000000000
-0.00027997877342
0.00000000000000
-0.00028413749812
0.00000000000000
-0.00028778275479
0.00000000000000
-0.00029195083203
0.00000000000000
-0.00029557276888
0.00000000000000
-0.00029991644928
0.00000000000000
-0.00030407204515
0.00000000000000
-0.00030805394990
0.00000000000000
-0.00031238484230
0.00000000000000
-0.00031662803455
0.00000000000000
-0.00032059583957
0.00000000000000
-0.00032464719913
0.00000000000000
-0.00032920586040
0.00000000000000
-0.00033351709960
0.00000000000000
-0.00033794370104
0.00000000000000
-0.00034232806751
0.00000000000000
-0.00034668596579
0.00000000000000
-0.00035116112735
0.00000000000000
-0.00035573560825
0.00000000000000
-0.00036035559519
0.00000000000000
-0.00036504205729
0.00000000000000
-0.00036952572538
0.00000000000000
-0.00037445543956
0.00000000000000
-0.00037910075641
0.00000000000000
-0.00038374154664
0.00000000000000
-0.00038876859237
0.00000000000000
-0.00039349430945
0.00000000000000
-0.00039832195216
0.00000000000000
-0.00040342264258
0.00000000000000
-0.00040841506367
0.00000000000000
-0.00041350787994
0.00000000000000
-0.00041850187627
0.00000000000000
-0.00042375813479
0.00000000000000
-0.00042885013112
0.00000000000000
-0.00043417374220
0.00000000000000
-0.00043946569609
0.00000000000000
-0.00044480113741
0.00000000000000
-0.00045014789875
0.00000000000000
-0.00045557677845
0.00000000000000
-0.00046111601775
0.00000000000000
-0.00046658637757
0.00000000000000
-0.00047218868754
0.00000000000000
-0.00047779911640
0.00000000000000
-0.00048347693854
0.00000000000000
-0.00048919204216
0.00000000000000
-0.00049514636529
0.00000000000000
-0.00050092906327
0.00000000000000
-0.00050680314739
0.00000000000000
-0.00051271750581
0.00000000000000
-0.00051876111163
0.00000000000000
-0.00052476297296
0.00000000000000
-0.00053097689694
0.00000000000000
-0.00053705932090
0.00000000000000
-0.00054332588371
0.00000000000000
-0.00054959705774
0.00000000000000
-0.00055583911407
0.00000000000000
-0.00056231696039
0.00000000000000
-0.00056870832776
0.00000000000000
-0.00057525193711
0.00000000000000
-0.00058183870892
0.00000000000000
-0.00058843139654
0.00000000000000
-0.00059515682578
0.00000000000000
-0.00060188525301
0.00000000000000
-0.00060863488453
0.00000000000000
-0.00061546613820
0.00000000000000
-0.00062239918381
0.00000000000000
-0.00062944408332
0.00000000000000
-0.00063646940751
0.00000000000000
-0.00064353634461
0.00000000000000
-0.00065068164593
0.00000000000000
-0.00065794931759
0.00000000000000
-0.00066522546181
0.00000000000000
-0.00067259598189
0.00000000000000
-0.00068005980243
0.00000000000000
-0.00068755500060
0.00000000000000
-0.00069507924797
0.00000000000000
-0.00070274489027
0.00000000000000
-0.00071039029030
0.00000000000000
-0.00071818750518
0.00000000000000
-0.00072602127102
0.00000000000000
-0.00073391866747
0.00000000000000
-0.00074184005655
0.00000000000000
-0.00074998238836
0.00000000000000
-0.00075809859819
0.00000000000000
-0.00076625578983
0.00000000000000
-0.00077453807039
0.00000000000000
-0.00078287555018
0.00000000000000
-0.00079137148639
0.00000000000000
-0.00079981150360
0.00000000000000
-0.00080842005800
0.00000000000000
-0.00081708477004
0.00000000000000
-0.00082580117590
0.00000000000000
-0.00083463775422
0.00000000000000
-0.00084354789302
0.00000000000000
-0.00085247298772
0.00000000000000
-0.00086160652720
0.00000000000000
-0.00087074122401
0.00000000000000
-0.00087997259553
0.00000000000000
-0.00088931290946
0.00000000000000
-0.00089877677425
0.00000000000000
-0.00090825561221
0.00000000000000
-0.00091780517845
0.00000000000000
-0.00092751533903
0.00000000000000
-0.00093730819705
0.00000000000000
-0.00094720004381
0.00000000000000
-0.00095714855028
0.00000000000000
-0.00096719853683
0.00000000000000
-0.00097735415971
0.00000000000000
-0.00098760734557
0.00000000000000
-0.00099797737049
0.00000000000000
-0.00100841890471
0.00000000000000
-0.00101899301177
0.00000000000000
-0.00102968070876
0.00000000000000
-0.00104044749950
0.00000000000000
-0.00105129354223
0.00000000000000
-0.00106228317158
0.00000000000000
-0.00107339996134
0.00000000000000
-0.00108454917336
0.00000000000000
-0.00109589318366
0.00000000000000
-0.00110731491968
0.00000000000000
-0.00111886918404
0.00000000000000
-0.00113052513450
0.00000000000000
-0.00114226498685
0.00000000000000
-0.00115415575255
0.00000000000000
-0.00116621747159
0.00000000000000
-0.00117833777851
0.00000000000000
-0.00119063645668
0.00000000000000
-0.00120299580476
0.00000000000000
-0.00121552866296
0.00000000000000
-0.00122818972605
0.00000000000000
-0.00124095789859
0.00000000000000
-0.00125388217756
0.00000000000000
-0.00126693037535
0.00000000000000
-0.00128014437991
0.00000000000000
-0.00129345448094
0.00000000000000
-0.00130694655728
0.00000000000000
-0.00132056688745
0.00000000000000
-0.00133435745069
0.00000000000000
-0.00134825883011
0.00000000000000
-0.00136232916024
0.00000000000000
-0.00137657275091
0.00000000000000
-0.00139097501225
0.00000000000000
-0.00140550443483
0.00000000000000
-0.00142021906205
0.00000000000000
-0.00143508221806
0.00000000000000
-0.00145012082706
0.00000000000000
-0.00146534008712
0.00000000000000
-0.00148072784001
0.00000000000000
-0.00149626446006
0.00000000000000
-0.00151202856138
0.00000000000000
-0.00152796679007
0.00000000000000
-0.00154405787851
0.00000000000000
-0.00156037758402
0.00000000000000
-0.00157686554657
0.00000000000000
-0.00159354646695
0.00000000000000
-0.00161044174935
0.00000000000000
-0.00162752842802
0.00000000000000
-0.00164486287849
0.00000000000000
-0.00166235132815
0.00000000000000
-0.00168007051835
0.00000000000000
-0.00169802794214
0.00000000000000
-0.00171616929435
0.00000000000000
-0.00173459414504
0.00000000000000
-0.00175323160062
0.00000000000000
-0.00177210001963
0.00000000000000
-0.00179120016888
0.00000000000000
-0.00181058178282
0.00000000000000
-0.00183017402706
0.00000000000000
-0.00185004192711
0.00000000000000
-0.00187017530102
0.00000000000000
-0.00189057889547
0.00000000000000
-0.00191123670755
0.00000000000000
-0.00193220662549
0.00000000000000
-0.00195343841093
0.00000000000000
-0.00197496219108
0.00000000000000
-0.00199677847205
0.00000000000000
-0.00201891805034
0.00000000000000
-0.00204137278941
0.00000000000000
-0.00206413735249
0.00000000000000
-0.00208724067227
0.00000000000000
-0.00211065601079
0.00000000000000
-0.00213442460960
0.00000000000000
-0.00215852721897
0.00000000000000
-0.00218302529359
0.00000000000000
-0.00220784650059
0.00000000000000
-0.00223307177022
0.00000000000000
-0.00225868046784
0.00000000000000
-0.00228465292099
0.00000000000000
-0.00231106545218
0.00000000000000
-0.00233788707875
0.00000000000000
-0.00236511278999
0.00000000000000
-0.00239279825087
0.00000000000000
-0.00242090349560
0.00000000000000
-0.00244950061469
0.00000000000000
-0.00247855610229
0.00000000000000
-0.00250808023989
0.00000000000000
-0.00253810787382
0.00000000000000
-0.00256864470281
0.00000000000000
-0.00259970453880
0.00000000000000
-0.00263130430264
0.00000000000000
-0.00266345247174
0.00000000000000
-0.00269617675422
0.00000000000000
-0.00272948255867
0.00000000000000
-0.00276339462343
0.00000000000000
-0.00279791483114
0.00000000000000
-0.00283308503457
0.00000000000000
-0.00286890860943
0.00000000000000
-0.00290539969775
0.00000000000000
-0.00294259743263
0.00000000000000
-0.00298050365162
0.00000000000000
-0.00301917966599
0.00000000000000
-0.00305858459586
0.00000000000000
-0.00309878212205
0.00000000000000
-0.00313978585301
0.00000000000000
-0.00318167082227
0.00000000000000
-0.00322438884961
0.00000000000000
-0.00326801904556
0.00000000000000
-0.00331258107678
0.00000000000000
-0.00335808366878
0.00000000000000
-0.00340459416978
0.00000000000000
-0.00345213218915
0.00000000000000
-0.00350071191016
0.00000000000000
-0.00355042779525
0.00000000000000
-0.00360127004565
0.00000000000000
-0.00365329128691
0.00000000000000
-0.00370654519667
0.00000000000000
-0.00376106426083
0.00000000000000
-0.00381693974803
0.00000000000000
-0.00387414627560
0.00000000000000
-0.00393280493142
0.00000000000000
-0.00399296728930
0.00000000000000
-0.00405467016892
0.00000000000000
-0.00411796961422
0.00000000000000
-0.00418295402730
0.00000000000000
-0.00424968187358
0.00000000000000
-0.00431823981207
0.00000000000000
-0.00438871248080
0.00000000000000
-0.00446116172146
0.00000000000000
-0.00453567403004
0.00000000000000
-0.00461238785750
0.00000000000000
-0.00469135688220
0.00000000000000
-0.00477270216308
0.00000000000000
-0.00485654387533
0.00000000000000
-0.00494301900278
0.00000000000000
-0.00503221977409
0.00000000000000
-0.00512430312011
0.00000000000000
-0.00521942087379
0.00000000000000
-0.00531773060984
0.00000000000000
-0.00541939429255
0.00000000000000
-0.00552457946691
0.00000000000000
-0.00563350317541
0.00000000000000
-0.00574637080736
0.00000000000000
-0.00586340015640
0.00000000000000
-0.00598484955148
0.00000000000000
-0.00611094145318
0.00000000000000
-0.00624198881954
0.00000000000000
-0.00637832858724
0.00000000000000
-0.00652020657638
0.00000000000000
-0.00666806563135
0.00000000000000
-0.00682224684867
0.00000000000000
-0.00698320786018
0.00000000000000
-0.00715139688209
0.00000000000000
-0.00732732534475
0.00000000000000
-0.00751155509520
0.00000000000000
-0.00770470915708
0.00000000000000
-0.00790744315980
0.00000000000000
-0.00812052017329
0.00000000000000
-0.00834476930168
0.00000000000000
-0.00858111312759
0.00000000000000
-0.00883055778593
0.00000000000000
-0.00909424096753
0.00000000000000
-0.00937343924308
0.00000000000000
-0.00966959491034
0.00000000000000
-0.00998432939102
0.00000000000000
-0.01031943891047
0.00000000000000
-0.01067702374630
0.00000000000000
-0.01105942903006
0.00000000000000
-0.01146938379701
0.00000000000000
-0.01190997925772
0.00000000000000
-0.01238483933319
0.00000000000000
-0.01289815156191
0.00000000000000
-0.01345484031659
0.00000000000000
-0.01406066896311
0.00000000000000
-0.01472249454504
0.00000000000000
-0.01544853661303
0.00000000000000
-0.01624863841713
0.00000000000000
-0.01713481247505
0.00000000000000
-0.01812185882356
0.00000000000000
-0.01922804896737
0.00000000000000
-0.02047651243820
0.00000000000000
-0.02189664213360
0.00000000000000
-0.02352657663241
0.00000000000000
-0.02541669729830
0.00000000000000
-0.02763486563148
0.00000000000000
-0.03027482022014
0.00000000000000
-0.03346974244495
0.00000000000000
-0.03741550111189
0.00000000000000
-0.04241245327422
0.00000000000000
-0.04894573340368
0.00000000000000
-0.05785334964546
0.00000000000000
-0.07071821463876
0.00000000000000
-0.09093221176798
0.00000000000000
-0.12731433014764
0.00000000000000
-0.21220081140108
0.00000000000000
-0.63661785573139
0.00000000000000
0.63661785573139
0.00000000000000
0.21220081140108
0.00000000000000
0.12731433014764
0.00000000000000
0.09093221176798
0.00000000000000
0.07071821463876
0.00000000000000
0.05785334964546
0.00000000000000
0.04894573340368
0.00000000000000
0.04241245327422
0.00000000000000
0.03741550111189
0.00000000000000
0.03346974244495
0.00000000000000
0.03027482022014
0.00000000000000
0.02763486563148
0.00000000000000
0.02541669729830
0.00000000000000
0.02352657663241
0.00000000000000
0.02189664213360
0.00000000000000
0.02047651243820
0.00000000000000
0.01922804896737
0.00000000000000
0.01812185882356
0.00000000000000
0.01713481247505
0.00000000000000
0.01624863841713
0.00000000000000
0.01544853661303
0.00000000000000
0.01472249454504
0.00000000000000
0.01406066896311
0.00000000000000
0.01345484031659
0.00000000000000
0.01289815156191
0.00000000000000
0.01238483933319
0.00000000000000
0.01190997925772
0.00000000000000
0.01146938379701
0.00000000000000
0.01105942903006
0.00000000000000
0.01067702374630
0.00000000000000
0.01031943891047
0.00000000000000
0.00998432939102
0.00000000000000
0.00966959491034
0.00000000000000
0.00937343924308
0.00000000000000
0.00909424096753
0.00000000000000
0.00883055778593
0.00000000000000
0.00858111312759
0.00000000000000
0.00834476930168
0.00000000000000
0.00812052017329
0.00000000000000
0.00790744315980
0.00000000000000
0.00770470915708
0.00000000000000
0.00751155509520
0.00000000000000
0.00732732534475
0.00000000000000
0.00715139688209
0.00000000000000
0.00698320786018
0.00000000000000
0.00682224684867
0.00000000000000
0.00666806563135
0.00000000000000
0.00652020657638
0.00000000000000
0.00637832858724
0.00000000000000
0.00624198881954
0.00000000000000
0.00611094145318
0.00000000000000
0.00598484955148
0.00000000000000
0.00586340015640
0.00000000000000
0.00574637080736
0.00000000000000
0.00563350317541
0.00000000000000
0.00552457946691
0.00000000000000
0.00541939429255
0.00000000000000
0.00531773060984
0.00000000000000
0.00521942087379
0.00000000000000
0.00512430312011
0.00000000000000
0.00503221977409
0.00000000000000
0.00494301900278
0.00000000000000
0.00485654387533
0.00000000000000
0.00477270216308
0.00000000000000
0.00469135688220
0.00000000000000
0.00461238785750
0.00000000000000
0.00453567403004
0.00000000000000
0.00446116172146
0.00000000000000
0.00438871248080
0.00000000000000
0.00431823981207
0.00000000000000
0.00424968187358
0.00000000000000
0.00418295402730
0.00000000000000
0.00411796961422
0.00000000000000
0.00405467016892
0.00000000000000
0.00399296728930
0.00000000000000
0.00393280493142
0.00000000000000
0.00387414627560
0.00000000000000
0.00381693974803
0.00000000000000
0.00376106426083
0.00000000000000
0.00370654519667
0.00000000000000
0.00365329128691
0.00000000000000
0.00360127004565
0.00000000000000
0.00355042779525
0.00000000000000
0.00350071191016
0.00000000000000
0.00345213218915
0.00000000000000
0.00340459416978
0.00000000000000
0.00335808366878
0.00000000000000
0.00331258107678
0.00000000000000
0.00326801904556
0.00000000000000
0.00322438884961
0.00000000000000
0.00318167082227
0.00000000000000
0.00313978585301
0.00000000000000
0.00309878212205
0.00000000000000
0.00305858459586
0.00000000000000
0.00301917966599
0.00000000000000
0.00298050365162
0.00000000000000
0.00294259743263
0.00000000000000
0.00290539969775
0.00000000000000
0.00286890860943
0.00000000000000
0.00283308503457
0.00000000000000
0.00279791483114
0.00000000000000
0.00276339462343
0.00000000000000
0.00272948255867
0.00000000000000
0.00269617675422
0.00000000000000
0.00266345247174
0.00000000000000
0.00263130430264
0.00000000000000
0.00259970453880
0.00000000000000
0.00256864470281
0.00000000000000
0.00253810787382
0.00000000000000
0.00250808023989
0.00000000000000
0.00247855610229
0.00000000000000
0.00244950061469
0.00000000000000
0.00242090349560
0.00000000000000
0.00239279825087
0.00000000000000
0.00236511278999
0.00000000000000
0.00233788707875
0.00000000000000
0.00231106545218
0.00000000000000
0.00228465292099
0.00000000000000
0.00225868046784
0.00000000000000
0.00223307177022
0.00000000000000
0.00220784650059
0.00000000000000
0.00218302529359
0.00000000000000
0.00215852721897
0.00000000000000
0.00213442460960
0.00000000000000
0.00211065601079
0.00000000000000
0.00208724067227
0.00000000000000
0.00206413735249
0.00000000000000
0.00204137278941
0.00000000000000
0.00201891805034
0.00000000000000
0.00199677847205
0.00000000000000
0.00197496219108
0.00000000000000
0.00195343841093
0.00000000000000
0.00193220662549
0.00000000000000
0.00191123670755
0.00000000000000
0.00189057889547
0.00000000000000
0.00187017530102
0.00000000000000
0.00185004192711
0.00000000000000
0.00183017402706
0.00000000000000
0.00181058178282
0.00000000000000
0.00179120016888
0.00000000000000
0.00177210001963
0.00000000000000
0.00175323160062
0.00000000000000
0.00173459414504
0.00000000000000
0.00171616929435
0.00000000000000
0.00169802794214
0.00000000000000
0.00168007051835
0.00000000000000
0.00166235132815
0.00000000000000
0.00164486287849
0.00000000000000
0.00162752842802
0.00000000000000
0.00161044174935
0.00000000000000
0.00159354646695
0.00000000000000
0.00157686554657
0.00000000000000
0.00156037758402
0.00000000000000
0.00154405787851
0.00000000000000
0.00152796679007
0.00000000000000
0.00151202856138
0.00000000000000
0.00149626446006
0.00000000000000
0.00148072784001
0.00000000000000
0.00146534008712
0.00000000000000
0.00145012082706
0.00000000000000
0.00143508221806
0.00000000000000
0.00142021906205
0.00000000000000
0.00140550443483
0.00000000000000
0.00139097501225
0.00000000000000
0.00137657275091
0.00000000000000
0.00136232916024
0.00000000000000
0.00134825883011
0.00000000000000
0.00133435745069
0.00000000000000
0.00132056688745
0.00000000000000
0.00130694655728
0.00000000000000
0.00129345448094
0.00000000000000
0.00128014437991
0.00000000000000
0.00126693037535
0.00000000000000
0.00125388217756
0.00000000000000
0.00124095789859
0.00000000000000
0.00122818972605
0.00000000000000
0.00121552866296
0.00000000000000
0.00120299580476
0.00000000000000
0.00119063645668
0.00000000000000
0.00117833777851
0.00000000000000
0.00116621747159
0.00000000000000
0.00115415575255
0.00000000000000
0.00114226498685
0.00000000000000
0.00113052513450
0.00000000000000
0.00111886918404
0.00000000000000
0.00110731491968
0.00000000000000
0.00109589318366
0.00000000000000
0.00108454917336
0.00000000000000
0.00107339996134
0.00000000000000
0.00106228317158
0.00000000000000
0.00105129354223
0.00000000000000
0.00104044749950
0.00000000000000
0.00102968070876
0.00000000000000
0.00101899301177
0.00000000000000
0.00100841890471
0.00000000000000
0.00099797737049
0.00000000000000
0.00098760734557
0.00000000000000
0.00097735415971
0.00000000000000
0.00096719853683
0.00000000000000
0.00095714855028
0.00000000000000
0.00094720004381
0.00000000000000
0.00093730819705
0.00000000000000
0.00092751533903
0.00000000000000
0.00091780517845
0.00000000000000
0.00090825561221
0.00000000000000
0.00089877677425
0.00000000000000
0.00088931290946
0.00000000000000
0.00087997259553
0.00000000000000
0.00087074122401
0.00000000000000
0.00086160652720
0.00000000000000
0.00085247298772
0.00000000000000
0.00084354789302
0.00000000000000
0.00083463775422
0.00000000000000
0.00082580117590
0.00000000000000
0.00081708477004
0.00000000000000
0.00080842005800
0.00000000000000
0.00079981150360
0.00000000000000
0.00079137148639
0.00000000000000
0.00078287555018
0.00000000000000
0.00077453807039
0.00000000000000
0.00076625578983
0.00000000000000
0.00075809859819
0.00000000000000
0.00074998238836
0.00000000000000
0.00074184005655
0.00000000000000
0.00073391866747
0.00000000000000
0.00072602127102
0.00000000000000
0.00071818750518
0.00000000000000
0.00071039029030
0.00000000000000
0.00070274489027
0.00000000000000
0.00069507924797
0.00000000000000
0.00068755500060
0.00000000000000
0.00068005980243
0.00000000000000
0.00067259598189
0.00000000000000
0.00066522546181
0.00000000000000
0.00065794931759
0.00000000000000
0.00065068164593
0.00000000000000
0.00064353634461
0.00000000000000
0.00063646940751
0.00000000000000
0.00062944408332
0.00000000000000
0.00062239918381
0.00000000000000
0.00061546613820
0.00000000000000
0.00060863488453
0.00000000000000
0.00060188525301
0.00000000000000
0.00059515682578
0.00000000000000
0.00058843139654
0.00000000000000
0.00058183870892
0.00000000000000
0.00057525193711
0.00000000000000
0.00056870832776
0.00000000000000
0.00056231696039
0.00000000000000
0.00055583911407
0.00000000000000
0.00054959705774
0.00000000000000
0.00054332588371
0.00000000000000
0.00053705932090
0.00000000000000
0.00053097689694
0.00000000000000
0.00052476297296
0.00000000000000
0.00051876111163
0.00000000000000
0.00051271750581
0.00000000000000
0.00050680314739
0.00000000000000
0.00050092906327
0.00000000000000
0.00049514636529
0.00000000000000
0.00048919204216
0.00000000000000
0.00048347693854
0.00000000000000
0.00047779911640
0.00000000000000
0.00047218868754
0.00000000000000
0.00046658637757
0.00000000000000
0.00046111601775
0.00000000000000
0.00045557677845
0.00000000000000
0.00045014789875
0.00000000000000
0.00044480113741
0.00000000000000
0.00043946569609
0.00000000000000
0.00043417374220
0.00000000000000
0.00042885013112
0.00000000000000
0.00042375813479
0.00000000000000
0.00041850187627
0.00000000000000
0.00041350787994
0.00000000000000
0.00040841506367
0.00000000000000
0.00040342264258
0.00000000000000
0.00039832195216
0.00000000000000
0.00039349430945
0.00000000000000
0.00038876859237
0.00000000000000
0.00038374154664
0.00000000000000
0.00037910075641
0.00000000000000
0.00037445543956
0.00000000000000
0.00036952572538
0.00000000000000
0.00036504205729
0.00000000000000
0.00036035559519
0.00000000000000
0.00035573560825
0.00000000000000
0.00035116112735
0.00000000000000
0.00034668596579
0.00000000000000
0.00034232806751
0.00000000000000
0.00033794370104
0.00000000000000
0.00033351709960
0.00000000000000
0.00032920586040
0.00000000000000
0.00032464719913
0.00000000000000
0.00032059583957
0.00000000000000
0.00031662803455
0.00000000000000
0.00031238484230
0.00000000000000
0.00030805394990
0.00000000000000
0.00030407204515
0.00000000000000
0.00029991644928
0.00000000000000
0.00029557276888
0.00000000000000
0.00029195083203
0.00000000000000
0.00028778275479
0.00000000000000
0.00028413749812
0.00000000000000
0.00027997877342
0.00000000000000
0.00027639568627
0.00000000000000
0.00027226861504
0.00000000000000
0.00026881426470
0.00000000000000
0.00026491406312
0.00000000000000
0.00026105129129
0.00000000000000
0.00025768443762
0.00000000000000
0.00025420822616
0.00000000000000
0.00025061981859
0.00000000000000
0.00024662678612
0.00000000000000
0.00024257592394
0.00000000000000
0.00023980542759
0.00000000000000
0.00023641124551
0.00000000000000
0.00023257322486
0.00000000000000
0.00022991074387
0.00000000000000
0.00022582939454
0.00000000000000
0.00022327512950
0.00000000000000
0.00021956925121
0.00000000000000
0.00021621983769
0.00000000000000
0.00021375155126
0.00000000000000
0.00021021549713
0.00000000000000
0.00020660975996
0.00000000000000
0.00020358085302
0.00000000000000
0.00020082391182
0.00000000000000
0.00019805499048
0.00000000000000
0.00019482195385
0.00000000000000
0.00019040669313
0.00000000000000
0.00018679118587
0.00000000000000
0.00018772281618
0.00000000000000
0.00018331892930
0.00000000000000
0.00018031284754
0.00000000000000
0.00017659524207
0.00000000000000
0.00017689258718
0.00000000000000
0.00017145645192
0.00000000000000
0.00016726726918
0.00000000000000
0.00016474273065
0.00000000000000
0.00016253991450
0.00000000000000
0.00016026837856
0.00000000000000
0.00015787874046
0.00000000000000
0.00015539593936
0.00000000000000
0.00015285194342
0.00000000000000
0.00015027643095
0.00000000000000
0.00014771335875
0.00000000000000
0.00014597666287
0.00000000000000
0.00019951365850
0.00000000000000
0.00402694160858
0.00000000000000