Ryan Colon, Hilbert Transform Filter, Attempt 17 (Guess)
0.00246028698925
-0.00009998875024
0.00020645634765
-0.00010849772443
0.00022211923663
-0.00011555440594
0.00023049089351
-0.00012174691937
0.00023929667618
-0.00012761564965
0.00024692931783
-0.00013322929856
0.00025454577241
-0.00013827928441
0.00026125364734
-0.00014265007742
0.00026737224042
-0.00014604304364
0.00027237697235
-0.00014841190562
0.00027644535055
-0.00014960236070
0.00027931821321
-0.00014967756470
0.00028117230373
-0.00014859676207
0.00028189995587
-0.00014647068898
0.00028165585092
-0.00014328863721
0.00028037680112
-0.00013913912850
0.00027815894468
-0.00013398955819
0.00027493483272
-0.00012788938733
0.00027075263724
-0.00012079307291
0.00026555541314
-0.00011274458942
0.00025938983849
-0.00010372566913
0.00025224569301
-0.00009381404080
0.00024420542308
-0.00008304282291
0.00023531811724
-0.00007153111480
0.00022570217357
-0.00005935170947
0.00021544481776
-0.00004664177948
0.00020467418276
-0.00003348402102
0.00019348434281
-0.00002000744099
0.00018199071941
-0.00000628596197
0.00017027943733
0.00000756622682
0.00015845187884
0.00002148092402
0.00014659194363
0.00003534819558
0.00013479884718
0.00004909373671
0.00012316415107
0.00006260242781
0.00011179135399
0.00007579107118
0.00010077824041
0.00008854321417
0.00009022556316
0.00010077680453
0.00008022513657
0.00011238657345
0.00007086251007
0.00012330393415
0.00006221261617
0.00013344341761
0.00005433988660
0.00014275401377
0.00004730090135
0.00015116930542
0.00004114193789
0.00015865245150
0.00003590556350
0.00016515189087
0.00003162397866
0.00017064273883
0.00002832683761
0.00017508905884
0.00002603018651
0.00017848230952
0.00002474531455
0.00018080875609
0.00002446534382
0.00018208349089
0.00002517663745
0.00018232055499
0.00002684542264
0.00018156124947
0.00002943254141
0.00017984591896
0.00003288068895
0.00017723720462
0.00003713133205
0.00017379441185
0.00004211139457
0.00016959365541
0.00004775036266
0.00016470611793
0.00005396535846
0.00015921637773
0.00006067754353
0.00015320453913
0.00006779601081
0.00014676243358
0.00007523413395
0.00013997832472
0.00008289366854
0.00013295002528
0.00009068195093
0.00012577107659
0.00009849701223
0.00011854067299
0.00010624546172
0.00011135144672
0.00011382815241
0.00010429722350
0.00012115763979
0.00009746326149
0.00012814351565
0.00009093290927
0.00013470861734
0.00008478059438
0.00014077392920
0.00007907747193
0.00014627378269
0.00007388642949
0.00015114114581
0.00006926603937
0.00015532259896
0.00006526660020
0.00015876478501
0.00006193200777
0.00016142940240
0.00005929661517
0.00016328069704
0.00005738556000
0.00016429982294
0.00005621303925
0.00016447260651
0.00005578205288
0.00016380245072
0.00005608463520
0.00016229789625
0.00005710145883
0.00015998392769
0.00005880380121
0.00015688965686
0.00006115266987
0.00015305858423
0.00006410175185
0.00014853707840
0.00006759556580
0.00014338409426
0.00007157290689
0.00013766069061
0.00007596407498
0.00013143909162
0.00008069497237
0.00012479287964
0.00008568395793
0.00011780491772
0.00009084697239
0.00011055781338
0.00009609441951
0.00010314052764
0.00010133726332
0.00009563922543
0.00010648375923
0.00008814296691
0.00011144595839
0.00008073547183
0.00011613581639
0.00007350042830
0.00012047156915
0.00006651451240
0.00012437305946
0.00005985242398
0.00012776795330
0.00005358096886
0.00013058663272
0.00004776347875
0.00013276858769
0.00004245452036
0.00013425731924
0.00003770340318
0.00013500706633
0.00003354937668
0.00013497776862
0.00003002437912
0.00013414183076
0.00002714902263
0.00013247880856
0.00002493503098
0.00012998173981
0.00002338236496
0.00012665128769
0.00002248160836
0.00012250146414
0.00002221221981
0.00011755336799
0.00002254471487
0.00011184051886
0.00002343970187
0.00010540256751
0.00002484956785
0.00009829049443
0.00002671803293
0.00009056048932
0.00002898130646
0.00008227896009
0.00003156823214
0.00007351643996
0.00003440118054
0.00006435211857
0.00003739701185
0.00005486756939
0.00004046793296
0.00004515065142
0.00004352328604
0.00003528912780
0.00004647027460
0.00002537412547
0.00004921626469
0.00001549399001
0.00005166906941
0.00000573762638
0.00005373940644
-0.00000381111949
0.00005534056781
-0.00001307012502
0.00005639094471
-0.00002196409562
0.00005681321456
-0.00003042140355
0.00005653708814
-0.00003837887694
0.00005549825199
-0.00004577900282
0.00005364143404
-0.00005257446558
0.00005091914027
-0.00005872565753
0.00004729487116
-0.00006420476986
0.00004274145039
-0.00006899335329
0.00003724408837
-0.00007308570017
0.00003079810990
-0.00007648627778
0.00002341171111
-0.00007921234281
0.00001510312798
-0.00008129131686
0.00000590317846
-0.00008276279378
-0.00000414791405
-0.00008367604070
-0.00001499804887
-0.00008409154503
-0.00002658663554
-0.00008407868868
-0.00003884222050
-0.00008371678636
-0.00005168615592
-0.00008309279069
-0.00006503050796
-0.00008230166561
-0.00007878213222
-0.00008144398832
-0.00009284097423
-0.00008062563245
-0.00010710450308
-0.00007995533987
-0.00012146628927
-0.00007954391345
-0.00013582054664
-0.00007950199922
-0.00015006075081
-0.00007993905454
-0.00016408403749
-0.00008096152556
-0.00017778973047
-0.00008267170868
-0.00019108352421
-0.00008516631625
-0.00020387597626
-0.00008853518204
-0.00021608653866
-0.00009286011599
-0.00022764210801
-0.00009821341724
-0.00023848090978
-0.00010465702272
-0.00024855105916
-0.00011224094961
-0.00025781414033
-0.00012100289492
-0.00026624359906
-0.00013096682419
-0.00027382780947
-0.00014214318087
-0.00028056816320
-0.00015452774720
-0.00028648154545
-0.00016810246664
-0.00029159815269
-0.00018283453342
-0.00029596345759
-0.00019867770028
-0.00029963588033
-0.00021557149993
-0.00030268833257
-0.00023344294515
-0.00030520579192
-0.00025220589055
-0.00030728639169
-0.00027176316497
-0.00030903881930
-0.00029200619219
-0.00031058283865
-0.00031281764162
-0.00031204642765
-0.00033407138819
-0.00031356570122
-0.00035563565367
-0.00031528184300
-0.00037737322942
-0.00031734055899
-0.00039914492929
-0.00031988898983
-0.00042080989546
-0.00032307489462
-0.00044222915657
-0.00032704371651
-0.00046326588597
-0.00033193761659
-0.00048378896354
-0.00033789274764
-0.00050367317346
-0.00034503814991
-0.00052280275873
-0.00035349322329
-0.00054107157590
-0.00036336650147
-0.00055838659392
-0.00037475337919
-0.00057466793047
-0.00038773488936
-0.00058985213480
-0.00040237584857
-0.00060389193557
-0.00041872383285
-0.00061675910666
-0.00043680791118
-0.00062844378238
-0.00045663795636
-0.00063895679394
-0.00047820402611
-0.00064832852840
-0.00050147602132
-0.00065661074297
-0.00052640366957
-0.00066387502462
-0.00055291649072
-0.00067021411275
-0.00058092434544
-0.00067573997885
-0.00061031772818
-0.00068058461400
-0.00064096892635
-0.00068489766541
-0.00067273273286
-0.00068884659317
-0.00070544829024
-0.00069261379949
-0.00073894028572
-0.00069639612012
-0.00077302146856
-0.00070040148804
-0.00080749427125
-0.00070484785138
-0.00084215386614
-0.00070995952330
-0.00087679006468
-0.00071596568802
-0.00091119073825
-0.00072309660042
-0.00094514386111
-0.00073158180629
-0.00097844117442
-0.00074164628955
-0.00101088030661
-0.00075350847027
-0.00104226861102
-0.00076737636244
-0.00107242530936
-0.00078344542564
-0.00110118539852
-0.00080189485098
-0.00112840168955
-0.00082288542711
-0.00115394859089
-0.00084655615585
-0.00117772384064
-0.00087302235187
-0.00119965193690
-0.00090237280000
-0.00121968537493
-0.00093466826967
-0.00123780755688
-0.00096993934692
-0.00125403343407
-0.00100818545175
-0.00126841181982
-0.00104937339528
-0.00128102540423
-0.00109343694121
-0.00129199242098
-0.00114027613296
-0.00130146598656
-0.00118975747319
-0.00130963502925
-0.00124171411522
-0.00131672285542
-0.00129594677819
-0.00132298721984
-0.00135222490885
-0.00132871803026
-0.00141028842049
-0.00133423649184
-0.00146984985913
-0.00133989194880
-0.00153059695646
-0.00134606014056
-0.00159219573222
-0.00135313927432
-0.00165429376966
-0.00136154749814
-0.00171652413813
-0.00137171832621
-0.00177850929125
-0.00138409742798
-0.00183986571338
-0.00139913750098
-0.00190020837024
-0.00141729445159
-0.00195915599916
-0.00143902180666
-0.00201633603041
-0.00146476639273
-0.00207139039454
-0.00149496244046
-0.00212398075877
-0.00153002695292
-0.00217379464047
-0.00157035373923
-0.00222055073063
-0.00161630872537
-0.00226400505979
-0.00166822417855
-0.00230395617758
-0.00172639420141
-0.00234025115157
-0.00179106936385
-0.00237279042978
-0.00186245256419
-0.00240153351483
-0.00194069423314
-0.00242650338405
-0.00202588871728
-0.00244779170262
-0.00211807021954
-0.00246556266966
-0.00221720988601
-0.00248005761124
-0.00232321268182
-0.00249159809792
-0.00243591539015
-0.00250058975477
-0.00255508462392
-0.00250752452422
-0.00268041591486
-0.00251298359577
-0.00281153299761
-0.00251763878305
-0.00294798808322
-0.00252225458685
-0.00308926246455
-0.00252768876413
-0.00323476799619
-0.00253489363173
-0.00338384902124
-0.00254491597691
-0.00353578505849
-0.00255889776558
-0.00368979404691
-0.00257807559692
-0.00384503624100
-0.00260378104956
-0.00400061875574
-0.00263743998495
-0.00415560063373
-0.00268057291153
-0.00430899860692
-0.00273479463310
-0.00445979321256
-0.00280181524402
-0.00460693559343
-0.00288344088127
-0.00474935445502
-0.00298157624981
-0.00488596366471
-0.00309822754440
-0.00501566981170
-0.00323550774699
-0.00513738036139
-0.00339564318543
-0.00525001159251
-0.00358098334301
-0.00535249707682
-0.00379401316122
-0.00544379576983
-0.00403736993802
-0.00552290056772
-0.00431386457194
-0.00558884629117
-0.00462650954293
-0.00564071802460
-0.00497855412941
-0.00567765868994
-0.00537352984871
-0.00569887684862
-0.00581530779790
-0.00570365356506
-0.00630817206721
-0.00569134938297
-0.00685691291642
-0.00566141023063
-0.00746694625999
-0.00561337334431
-0.00814446687158
-0.00554687202238
-0.00889664670752
-0.00546164030792
-0.00973189311674
-0.00535751641873
-0.01066018862094
-0.00523444600677
-0.01169354261629
-0.00509248409335
-0.01284659970184
-0.00493179673636
-0.01413747066971
-0.00475266133383
-0.01558888638201
-0.00455546659033
-0.01722983008013
-0.00434071113443
-0.01909789559968
-0.00410900177047
-0.02124277775118
-0.00386105044777
-0.02373158315205
-0.00359767086234
-0.02665717499155
-0.00331977387194
-0.03015178614578
-0.00302836254834
-0.03441023922110
-0.00272452615390
-0.03973173858667
-0.00240943376595
-0.04660023499984
-0.00208432696108
-0.05585245341540
-0.00175051218162
-0.06906994897473
-0.00140935233857
-0.08964324509931
-0.00106225816611
-0.12638988370876
-0.00071067902682
-0.21164463985870
-0.00035609355874
-0.63643220349567
0.00000000000000
0.63643220349567
0.00035609355874
0.21164463985870
0.00071067902682
0.12638988370876
0.00106225816611
0.08964324509931
0.00140935233857
0.06906994897473
0.00175051218162
0.05585245341540
0.00208432696108
0.04660023499984
0.00240943376595
0.03973173858667
0.00272452615390
0.03441023922110
0.00302836254834
0.03015178614578
0.00331977387194
0.02665717499155
0.00359767086234
0.02373158315205
0.00386105044777
0.02124277775118
0.00410900177047
0.01909789559968
0.00434071113443
0.01722983008013
0.00455546659033
0.01558888638201
0.00475266133383
0.01413747066971
0.00493179673636
0.01284659970184
0.00509248409335
0.01169354261629
0.00523444600677
0.01066018862094
0.00535751641873
0.00973189311674
0.00546164030792
0.00889664670752
0.00554687202238
0.00814446687158
0.00561337334431
0.00746694625999
0.00566141023063
0.00685691291642
0.00569134938297
0.00630817206721
0.00570365356506
0.00581530779790
0.00569887684862
0.00537352984871
0.00567765868994
0.00497855412941
0.00564071802460
0.00462650954293
0.00558884629117
0.00431386457194
0.00552290056772
0.00403736993802
0.00544379576983
0.00379401316122
0.00535249707682
0.00358098334301
0.00525001159251
0.00339564318543
0.00513738036139
0.00323550774699
0.00501566981170
0.00309822754440
0.00488596366471
0.00298157624981
0.00474935445502
0.00288344088127
0.00460693559343
0.00280181524402
0.00445979321256
0.00273479463310
0.00430899860692
0.00268057291153
0.00415560063373
0.00263743998495
0.00400061875574
0.00260378104956
0.00384503624100
0.00257807559692
0.00368979404691
0.00255889776558
0.00353578505849
0.00254491597691
0.00338384902124
0.00253489363173
0.00323476799619
0.00252768876413
0.00308926246455
0.00252225458685
0.00294798808322
0.00251763878305
0.00281153299761
0.00251298359577
0.00268041591486
0.00250752452422
0.00255508462392
0.00250058975477
0.00243591539015
0.00249159809792
0.00232321268182
0.00248005761124
0.00221720988601
0.00246556266966
0.00211807021954
0.00244779170262
0.00202588871728
0.00242650338405
0.00194069423314
0.00240153351483
0.00186245256419
0.00237279042978
0.00179106936385
0.00234025115157
0.00172639420141
0.00230395617758
0.00166822417855
0.00226400505979
0.00161630872537
0.00222055073063
0.00157035373923
0.00217379464047
0.00153002695292
0.00212398075877
0.00149496244046
0.00207139039454
0.00146476639273
0.00201633603041
0.00143902180666
0.00195915599916
0.00141729445159
0.00190020837024
0.00139913750098
0.00183986571338
0.00138409742798
0.00177850929125
0.00137171832621
0.00171652413813
0.00136154749814
0.00165429376966
0.00135313927432
0.00159219573222
0.00134606014056
0.00153059695646
0.00133989194880
0.00146984985913
0.00133423649184
0.00141028842049
0.00132871803026
0.00135222490885
0.00132298721984
0.00129594677819
0.00131672285542
0.00124171411522
0.00130963502925
0.00118975747319
0.00130146598656
0.00114027613296
0.00129199242098
0.00109343694121
0.00128102540423
0.00104937339528
0.00126841181982
0.00100818545175
0.00125403343407
0.00096993934692
0.00123780755688
0.00093466826967
0.00121968537493
0.00090237280000
0.00119965193690
0.00087302235187
0.00117772384064
0.00084655615585
0.00115394859089
0.00082288542711
0.00112840168955
0.00080189485098
0.00110118539852
0.00078344542564
0.00107242530936
0.00076737636244
0.00104226861102
0.00075350847027
0.00101088030661
0.00074164628955
0.00097844117442
0.00073158180629
0.00094514386111
0.00072309660042
0.00091119073825
0.00071596568802
0.00087679006468
0.00070995952330
0.00084215386614
0.00070484785138
0.00080749427125
0.00070040148804
0.00077302146856
0.00069639612012
0.00073894028572
0.00069261379949
0.00070544829024
0.00068884659317
0.00067273273286
0.00068489766541
0.00064096892635
0.00068058461400
0.00061031772818
0.00067573997885
0.00058092434544
0.00067021411275
0.00055291649072
0.00066387502462
0.00052640366957
0.00065661074297
0.00050147602132
0.00064832852840
0.00047820402611
0.00063895679394
0.00045663795636
0.00062844378238
0.00043680791118
0.00061675910666
0.00041872383285
0.00060389193557
0.00040237584857
0.00058985213480
0.00038773488936
0.00057466793047
0.00037475337919
0.00055838659392
0.00036336650147
0.00054107157590
0.00035349322329
0.00052280275873
0.00034503814991
0.00050367317346
0.00033789274764
0.00048378896354
0.00033193761659
0.00046326588597
0.00032704371651
0.00044222915657
0.00032307489462
0.00042080989546
0.00031988898983
0.00039914492929
0.00031734055899
0.00037737322942
0.00031528184300
0.00035563565367
0.00031356570122
0.00033407138819
0.00031204642765
0.00031281764162
0.00031058283865
0.00029200619219
0.00030903881930
0.00027176316497
0.00030728639169
0.00025220589055
0.00030520579192
0.00023344294515
0.00030268833257
0.00021557149993
0.00029963588033
0.00019867770028
0.00029596345759
0.00018283453342
0.00029159815269
0.00016810246664
0.00028648154545
0.00015452774720
0.00028056816320
0.00014214318087
0.00027382780947
0.00013096682419
0.00026624359906
0.00012100289492
0.00025781414033
0.00011224094961
0.00024855105916
0.00010465702272
0.00023848090978
0.00009821341724
0.00022764210801
0.00009286011599
0.00021608653866
0.00008853518204
0.00020387597626
0.00008516631625
0.00019108352421
0.00008267170868
0.00017778973047
0.00008096152556
0.00016408403749
0.00007993905454
0.00015006075081
0.00007950199922
0.00013582054664
0.00007954391345
0.00012146628927
0.00007995533987
0.00010710450308
0.00008062563245
0.00009284097423
0.00008144398832
0.00007878213222
0.00008230166561
0.00006503050796
0.00008309279069
0.00005168615592
0.00008371678636
0.00003884222050
0.00008407868868
0.00002658663554
0.00008409154503
0.00001499804887
0.00008367604070
0.00000414791405
0.00008276279378
-0.00000590317846
0.00008129131686
-0.00001510312798
0.00007921234281
-0.00002341171111
0.00007648627778
-0.00003079810990
0.00007308570017
-0.00003724408837
0.00006899335329
-0.00004274145039
0.00006420476986
-0.00004729487116
0.00005872565753
-0.00005091914027
0.00005257446558
-0.00005364143404
0.00004577900282
-0.00005549825199
0.00003837887694
-0.00005653708814
0.00003042140355
-0.00005681321456
0.00002196409562
-0.00005639094471
0.00001307012502
-0.00005534056781
0.00000381111949
-0.00005373940644
-0.00000573762638
-0.00005166906941
-0.00001549399001
-0.00004921626469
-0.00002537412547
-0.00004647027460
-0.00003528912780
-0.00004352328604
-0.00004515065142
-0.00004046793296
-0.00005486756939
-0.00003739701185
-0.00006435211857
-0.00003440118054
-0.00007351643996
-0.00003156823214
-0.00008227896009
-0.00002898130646
-0.00009056048932
-0.00002671803293
-0.00009829049443
-0.00002484956785
-0.00010540256751
-0.00002343970187
-0.00011184051886
-0.00002254471487
-0.00011755336799
-0.00002221221981
-0.00012250146414
-0.00002248160836
-0.00012665128769
-0.00002338236496
-0.00012998173981
-0.00002493503098
-0.00013247880856
-0.00002714902263
-0.00013414183076
-0.00003002437912
-0.00013497776862
-0.00003354937668
-0.00013500706633
-0.00003770340318
-0.00013425731924
-0.00004245452036
-0.00013276858769
-0.00004776347875
-0.00013058663272
-0.00005358096886
-0.00012776795330
-0.00005985242398
-0.00012437305946
-0.00006651451240
-0.00012047156915
-0.00007350042830
-0.00011613581639
-0.00008073547183
-0.00011144595839
-0.00008814296691
-0.00010648375923
-0.00009563922543
-0.00010133726332
-0.00010314052764
-0.00009609441951
-0.00011055781338
-0.00009084697239
-0.00011780491772
-0.00008568395793
-0.00012479287964
-0.00008069497237
-0.00013143909162
-0.00007596407498
-0.00013766069061
-0.00007157290689
-0.00014338409426
-0.00006759556580
-0.00014853707840
-0.00006410175185
-0.00015305858423
-0.00006115266987
-0.00015688965686
-0.00005880380121
-0.00015998392769
-0.00005710145883
-0.00016229789625
-0.00005608463520
-0.00016380245072
-0.00005578205288
-0.00016447260651
-0.00005621303925
-0.00016429982294
-0.00005738556000
-0.00016328069704
-0.00005929661517
-0.00016142940240
-0.00006193200777
-0.00015876478501
-0.00006526660020
-0.00015532259896
-0.00006926603937
-0.00015114114581
-0.00007388642949
-0.00014627378269
-0.00007907747193
-0.00014077392920
-0.00008478059438
-0.00013470861734
-0.00009093290927
-0.00012814351565
-0.00009746326149
-0.00012115763979
-0.00010429722350
-0.00011382815241
-0.00011135144672
-0.00010624546172
-0.00011854067299
-0.00009849701223
-0.00012577107659
-0.00009068195093
-0.00013295002528
-0.00008289366854
-0.00013997832472
-0.00007523413395
-0.00014676243358
-0.00006779601081
-0.00015320453913
-0.00006067754353
-0.00015921637773
-0.00005396535846
-0.00016470611793
-0.00004775036266
-0.00016959365541
-0.00004211139457
-0.00017379441185
-0.00003713133205
-0.00017723720462
-0.00003288068895
-0.00017984591896
-0.00002943254141
-0.00018156124947
-0.00002684542264
-0.00018232055499
-0.00002517663745
-0.00018208349089
-0.00002446534382
-0.00018080875609
-0.00002474531455
-0.00017848230952
-0.00002603018651
-0.00017508905884
-0.00002832683761
-0.00017064273883
-0.00003162397866
-0.00016515189087
-0.00003590556350
-0.00015865245150
-0.00004114193789
-0.00015116930542
-0.00004730090135
-0.00014275401377
-0.00005433988660
-0.00013344341761
-0.00006221261617
-0.00012330393415
-0.00007086251007
-0.00011238657345
-0.00008022513657
-0.00010077680453
-0.00009022556316
-0.00008854321417
-0.00010077824041
-0.00007579107118
-0.00011179135399
-0.00006260242781
-0.00012316415107
-0.00004909373671
-0.00013479884718
-0.00003534819558
-0.00014659194363
-0.00002148092402
-0.00015845187884
-0.00000756622682
-0.00017027943733
0.00000628596197
-0.00018199071941
0.00002000744099
-0.00019348434281
0.00003348402102
-0.00020467418276
0.00004664177948
-0.00021544481776
0.00005935170947
-0.00022570217357
0.00007153111480
-0.00023531811724
0.00008304282291
-0.00024420542308
0.00009381404080
-0.00025224569301
0.00010372566913
-0.00025938983849
0.00011274458942
-0.00026555541314
0.00012079307291
-0.00027075263724
0.00012788938733
-0.00027493483272
0.00013398955819
-0.00027815894468
0.00013913912850
-0.00028037680112
0.00014328863721
-0.00028165585092
0.00014647068898
-0.00028189995587
0.00014859676207
-0.00028117230373
0.00014967756470
-0.00027931821321
0.00014960236070
-0.00027644535055
0.00014841190562
-0.00027237697235
0.00014604304364
-0.00026737224042
0.00014265007742
-0.00026125364734
0.00013827928441
-0.00025454577241
0.00013322929856
-0.00024692931783
0.00012761564965
-0.00023929667618
0.00012174691937
-0.00023049089351
0.00011555440594
-0.00022211923663
0.00010849772443
-0.00020645634765
0.00009998875024
-0.00246028698925