Ryan Colon, Hilbert Transform Filter, Attempt 2 (Understanding)
-0.00599490520391
-0.00015037473756
-0.00056589095300
-0.00016458177307
-0.00059438106556
-0.00017952059313
-0.00062375897627
-0.00019517025751
-0.00065431886491
-0.00021164025997
-0.00068520712099
-0.00022900409343
-0.00071810685292
-0.00024695772181
-0.00075111638546
-0.00026588099673
-0.00078526702486
-0.00028589136620
-0.00082060508362
-0.00030659252599
-0.00085702521588
-0.00032793051061
-0.00089412717999
-0.00035032148402
-0.00093243082151
-0.00037378823088
-0.00097175416498
-0.00039828533942
-0.00101213817302
-0.00042381634064
-0.00105355672775
-0.00045034771432
-0.00109615970827
-0.00047786881480
-0.00113990017733
-0.00050664825732
-0.00118492126079
-0.00053676353952
-0.00123117830445
-0.00056819029322
-0.00127872599846
-0.00060092527895
-0.00132763706391
-0.00063505939542
-0.00137803240343
-0.00067059357705
-0.00142994088548
-0.00070762853700
-0.00148337552310
-0.00074614606985
-0.00153832910270
-0.00078619583093
-0.00159485792634
-0.00082779768916
-0.00165307479421
-0.00087095825027
-0.00171294790062
-0.00091557878090
-0.00177447240587
-0.00096184710102
-0.00183761195667
-0.00100985202632
-0.00190252955655
-0.00105981246041
-0.00196937375160
-0.00111200211013
-0.00203842013757
-0.00116666564294
-0.00210958113799
-0.00122364719519
-0.00218314883676
-0.00128338945226
-0.00225903851135
-0.00134605268852
-0.00233721220985
-0.00141121220182
-0.00241728921096
-0.00147814281592
-0.00249995100528
-0.00154717982455
-0.00258453658161
-0.00161778800747
-0.00267284934306
-0.00169127835613
-0.00276659715928
-0.00177034394071
-0.00286739074863
-0.00185827358155
-0.00295533760272
-0.00194049865883
-0.00306223634527
-0.00203079469874
-0.00316751520668
-0.00212476987278
-0.00327738308917
-0.00222327256847
-0.00339107130157
-0.00232600352321
-0.00351083325131
-0.00243424680376
-0.00363343782766
-0.00254750555037
-0.00376249350483
-0.00266670208975
-0.00389759917754
-0.00279176961308
-0.00403850149618
-0.00292334454096
-0.00418545148513
-0.00306213439686
-0.00433994268249
-0.00320880970118
-0.00450216948052
-0.00336382732006
-0.00467294389475
-0.00352787041675
-0.00485296735574
-0.00370163307940
-0.00504311294789
-0.00388617841962
-0.00524421111972
-0.00408281072364
-0.00545766207721
-0.00429274922816
-0.00568466005099
-0.00451723816213
-0.00592667505448
-0.00475783903232
-0.00618538659213
-0.00501641301137
-0.00646283980095
-0.00529510398867
-0.00676128648350
-0.00559652305077
-0.00708352264189
-0.00592365039299
-0.00743282869605
-0.00628009498455
-0.00781323988380
-0.00667018504929
-0.00822955497375
-0.00709915893616
-0.00868744090436
-0.00757325087746
-0.00919378074057
-0.00810026963597
-0.00975717283297
-0.00868974330775
-0.01038846163962
-0.00935392227537
-0.01110144169224
-0.01010848464822
-0.01191400885585
-0.01097387452664
-0.01284948953356
-0.01197705138723
-0.01393939805168
-0.01315520067295
-0.01522693875973
-0.01455928131320
-0.01677309332866
-0.01626208885495
-0.01866628037349
-0.01837177613524
-0.02104088148995
-0.02105695778355
-0.02411036622098
-0.02459309552177
-0.02823810108019
-0.02946799896907
-0.03409247226850
-0.03662694201275
-0.04305464228887
-0.04817620222141
-0.05851307160191
-0.06996421429597
-0.09161234506886
-0.12657951604347
-0.21289893138710
-0.63590113887569
0.63590113887569
0.21289893138710
0.12657951604347
0.09161234506886
0.06996421429597
0.05851307160191
0.04817620222141
0.04305464228887
0.03662694201275
0.03409247226850
0.02946799896907
0.02823810108019
0.02459309552177
0.02411036622098
0.02105695778355
0.02104088148995
0.01837177613524
0.01866628037349
0.01626208885495
0.01677309332866
0.01455928131320
0.01522693875973
0.01315520067295
0.01393939805168
0.01197705138723
0.01284948953356
0.01097387452664
0.01191400885585
0.01010848464822
0.01110144169224
0.00935392227537
0.01038846163962
0.00868974330775
0.00975717283297
0.00810026963597
0.00919378074057
0.00757325087746
0.00868744090436
0.00709915893616
0.00822955497375
0.00667018504929
0.00781323988380
0.00628009498455
0.00743282869605
0.00592365039299
0.00708352264189
0.00559652305077
0.00676128648350
0.00529510398867
0.00646283980095
0.00501641301137
0.00618538659213
0.00475783903232
0.00592667505448
0.00451723816213
0.00568466005099
0.00429274922816
0.00545766207721
0.00408281072364
0.00524421111972
0.00388617841962
0.00504311294789
0.00370163307940
0.00485296735574
0.00352787041675
0.00467294389475
0.00336382732006
0.00450216948052
0.00320880970118
0.00433994268249
0.00306213439686
0.00418545148513
0.00292334454096
0.00403850149618
0.00279176961308
0.00389759917754
0.00266670208975
0.00376249350483
0.00254750555037
0.00363343782766
0.00243424680376
0.00351083325131
0.00232600352321
0.00339107130157
0.00222327256847
0.00327738308917
0.00212476987278
0.00316751520668
0.00203079469874
0.00306223634527
0.00194049865883
0.00295533760272
0.00185827358155
0.00286739074863
0.00177034394071
0.00276659715928
0.00169127835613
0.00267284934306
0.00161778800747
0.00258453658161
0.00154717982455
0.00249995100528
0.00147814281592
0.00241728921096
0.00141121220182
0.00233721220985
0.00134605268852
0.00225903851135
0.00128338945226
0.00218314883676
0.00122364719519
0.00210958113799
0.00116666564294
0.00203842013757
0.00111200211013
0.00196937375160
0.00105981246041
0.00190252955655
0.00100985202632
0.00183761195667
0.00096184710102
0.00177447240587
0.00091557878090
0.00171294790062
0.00087095825027
0.00165307479421
0.00082779768916
0.00159485792634
0.00078619583093
0.00153832910270
0.00074614606985
0.00148337552310
0.00070762853700
0.00142994088548
0.00067059357705
0.00137803240343
0.00063505939542
0.00132763706391
0.00060092527895
0.00127872599846
0.00056819029322
0.00123117830445
0.00053676353952
0.00118492126079
0.00050664825732
0.00113990017733
0.00047786881480
0.00109615970827
0.00045034771432
0.00105355672775
0.00042381634064
0.00101213817302
0.00039828533942
0.00097175416498
0.00037378823088
0.00093243082151
0.00035032148402
0.00089412717999
0.00032793051061
0.00085702521588
0.00030659252599
0.00082060508362
0.00028589136620
0.00078526702486
0.00026588099673
0.00075111638546
0.00024695772181
0.00071810685292
0.00022900409343
0.00068520712099
0.00021164025997
0.00065431886491
0.00019517025751
0.00062375897627
0.00017952059313
0.00059438106556
0.00016458177307
0.00056589095300
0.00015037473756
0.00599490520391