Ryan Colon, Hilbert Transform Filter, Attempt 10 (Best we can do)
0.00000000000000
-0.00000016306571
0.00000000000000
0.00000055024460
0.00000000000000
-0.00000176192773
0.00000000000000
0.00000235370975
0.00000000000000
-0.00000051781371
0.00000000000000
-0.00000153349498
0.00000000000000
0.00000095715821
0.00000000000000
0.00000115912207
0.00000000000000
0.00000047550291
0.00000000000000
-0.00000010420974
0.00000000000000
-0.00000029619285
0.00000000000000
0.00000028025095
0.00000000000000
0.00000086887441
0.00000000000000
0.00000151899886
0.00000000000000
0.00000149944884
0.00000000000000
0.00000072412089
0.00000000000000
0.00000046430715
0.00000000000000
0.00000068344756
0.00000000000000
0.00000115394752
0.00000000000000
0.00000177583558
0.00000000000000
0.00000214894502
0.00000000000000
0.00000228375613
0.00000000000000
0.00000211274547
0.00000000000000
0.00000187832177
0.00000000000000
0.00000178986476
0.00000000000000
0.00000156410511
0.00000000000000
0.00000141336866
0.00000000000000
0.00000147189142
0.00000000000000
0.00000158886702
0.00000000000000
0.00000179724283
0.00000000000000
0.00000195546265
0.00000000000000
0.00000203338165
0.00000000000000
0.00000198007475
0.00000000000000
0.00000174339572
0.00000000000000
0.00000156494227
0.00000000000000
0.00000138234030
0.00000000000000
0.00000115942083
0.00000000000000
0.00000106221324
0.00000000000000
0.00000101926017
0.00000000000000
0.00000101825583
0.00000000000000
0.00000096768744
0.00000000000000
0.00000077722038
0.00000000000000
0.00000048618282
0.00000000000000
0.00000000000000
0.00000000000000
-0.00000048618282
0.00000000000000
-0.00000077722038
0.00000000000000
-0.00000096768744
0.00000000000000
-0.00000101825583
0.00000000000000
-0.00000101926017
0.00000000000000
-0.00000106221324
0.00000000000000
-0.00000115942083
0.00000000000000
-0.00000138234030
0.00000000000000
-0.00000156494227
0.00000000000000
-0.00000174339572
0.00000000000000
-0.00000198007475
0.00000000000000
-0.00000203338165
0.00000000000000
-0.00000195546265
0.00000000000000
-0.00000179724283
0.00000000000000
-0.00000158886702
0.00000000000000
-0.00000147189142
0.00000000000000
-0.00000141336866
0.00000000000000
-0.00000156410511
0.00000000000000
-0.00000178986476
0.00000000000000
-0.00000187832177
0.00000000000000
-0.00000211274547
0.00000000000000
-0.00000228375613
0.00000000000000
-0.00000214894502
0.00000000000000
-0.00000177583558
0.00000000000000
-0.00000115394752
0.00000000000000
-0.00000068344756
0.00000000000000
-0.00000046430715
0.00000000000000
-0.00000072412089
0.00000000000000
-0.00000149944884
0.00000000000000
-0.00000151899886
0.00000000000000
-0.00000086887441
0.00000000000000
-0.00000028025095
0.00000000000000
0.00000029619285
0.00000000000000
0.00000010420974
0.00000000000000
-0.00000047550291
0.00000000000000
-0.00000115912207
0.00000000000000
-0.00000095715821
0.00000000000000
0.00000153349498
0.00000000000000
0.00000051781371
0.00000000000000
-0.00000235370975
0.00000000000000
0.00000176192773
0.00000000000000
-0.00000055024460
0.00000000000000
0.00000016306571
0.00000000000000