Ryan Colon, Hilbert Transform Filter, Attempt 10 (No reason)
0.00000000000000
-0.00235971476530
0.00000000000000
-0.00127446634732
0.00000000000000
-0.00161152296951
0.00000000000000
-0.00200295534336
0.00000000000000
-0.00245466807783
0.00000000000000
-0.00297325865505
0.00000000000000
-0.00356456121815
0.00000000000000
-0.00423454210305
0.00000000000000
-0.00499221586060
0.00000000000000
-0.00584929349769
0.00000000000000
-0.00681541862724
0.00000000000000
-0.00789986162028
0.00000000000000
-0.00912467026529
0.00000000000000
-0.01050205411987
0.00000000000000
-0.01205856972722
0.00000000000000
-0.01382226314535
0.00000000000000
-0.01583060132614
0.00000000000000
-0.01813346100034
0.00000000000000
-0.02079786255364
0.00000000000000
-0.02391573585511
0.00000000000000
-0.02761849605758
0.00000000000000
-0.03210002909468
0.00000000000000
-0.03765833434691
0.00000000000000
-0.04477609087808
0.00000000000000
-0.05428894544854
0.00000000000000
-0.06777679979122
0.00000000000000
-0.08862855471868
0.00000000000000
-0.12566049398089
0.00000000000000
-0.21120506515602
0.00000000000000
-0.63628527698528
0.00000000000000
0.63628527698528
0.00000000000000
0.21120506515602
0.00000000000000
0.12566049398089
0.00000000000000
0.08862855471868
0.00000000000000
0.06777679979122
0.00000000000000
0.05428894544854
0.00000000000000
0.04477609087808
0.00000000000000
0.03765833434691
0.00000000000000
0.03210002909468
0.00000000000000
0.02761849605758
0.00000000000000
0.02391573585511
0.00000000000000
0.02079786255364
0.00000000000000
0.01813346100034
0.00000000000000
0.01583060132614
0.00000000000000
0.01382226314535
0.00000000000000
0.01205856972722
0.00000000000000
0.01050205411987
0.00000000000000
0.00912467026529
0.00000000000000
0.00789986162028
0.00000000000000
0.00681541862724
0.00000000000000
0.00584929349769
0.00000000000000
0.00499221586060
0.00000000000000
0.00423454210305
0.00000000000000
0.00356456121815
0.00000000000000
0.00297325865505
0.00000000000000
0.00245466807783
0.00000000000000
0.00200295534336
0.00000000000000
0.00161152296951
0.00000000000000
0.00127446634732
0.00000000000000
0.00235971476530
0.00000000000000