Ryan Colon, Hilbert Transform Filter, Attempt 1 (Initialization)
-0.13784478583811
-0.00273448315246
-0.00391588407233
-0.00281855248211
-0.00400870058770
-0.00291235215905
-0.00410824157974
-0.00301148037666
-0.00420606057595
-0.00310833811147
-0.00430089363064
-0.00319574199922
-0.00437551743579
-0.00325913930582
-0.00441753784741
-0.00328321553988
-0.00481643597096
-0.00350931925123
-0.00478151019656
-0.00363464289587
-0.00491471549949
-0.00377011615223
-0.00505913406158
-0.00392011830989
-0.00521405411181
-0.00408136023888
-0.00538451665928
-0.00425635081759
-0.00555709680345
-0.00442599172753
-0.00570837278475
-0.00455610271730
-0.00595907142627
-0.00479108256246
-0.00613968602626
-0.00500148768954
-0.00635935512162
-0.00522525000128
-0.00659371785135
-0.00546946115880
-0.00684614964995
-0.00573187309995
-0.00712630875779
-0.00602863150849
-0.00743511807724
-0.00635050917840
-0.00775341737141
-0.00665830070863
-0.00812831783885
-0.00705079931638
-0.00851892609448
-0.00746680488958
-0.00895859347774
-0.00792604799026
-0.00944369863439
-0.00844042466787
-0.00998446495163
-0.00900894362950
-0.01059331016141
-0.00966231653403
-0.01129263921992
-0.01041469917024
-0.01208636766007
-0.01124470323237
-0.01300489098063
-0.01223983257525
-0.01407399549506
-0.01340336770966
-0.01534554918588
-0.01479231827354
-0.01687238141854
-0.01648485959448
-0.01874876689350
-0.01857279752330
-0.02109946066982
-0.02124083624747
-0.02415259968860
-0.02477322180883
-0.02826842606414
-0.02962212247995
-0.03410384918886
-0.03676666428816
-0.04304632269825
-0.04829721262583
-0.05849078788824
-0.07007066098824
-0.09156751485822
-0.12667554522507
-0.21284467404340
-0.63597745719472
0.63597745719472
0.21284467404340
0.12667554522507
0.09156751485822
0.07007066098824
0.05849078788824
0.04829721262583
0.04304632269825
0.03676666428816
0.03410384918886
0.02962212247995
0.02826842606414
0.02477322180883
0.02415259968860
0.02124083624747
0.02109946066982
0.01857279752330
0.01874876689350
0.01648485959448
0.01687238141854
0.01479231827354
0.01534554918588
0.01340336770966
0.01407399549506
0.01223983257525
0.01300489098063
0.01124470323237
0.01208636766007
0.01041469917024
0.01129263921992
0.00966231653403
0.01059331016141
0.00900894362950
0.00998446495163
0.00844042466787
0.00944369863439
0.00792604799026
0.00895859347774
0.00746680488958
0.00851892609448
0.00705079931638
0.00812831783885
0.00665830070863
0.00775341737141
0.00635050917840
0.00743511807724
0.00602863150849
0.00712630875779
0.00573187309995
0.00684614964995
0.00546946115880
0.00659371785135
0.00522525000128
0.00635935512162
0.00500148768954
0.00613968602626
0.00479108256246
0.00595907142627
0.00455610271730
0.00570837278475
0.00442599172753
0.00555709680345
0.00425635081759
0.00538451665928
0.00408136023888
0.00521405411181
0.00392011830989
0.00505913406158
0.00377011615223
0.00491471549949
0.00363464289587
0.00478151019656
0.00350931925123
0.00481643597096
0.00328321553988
0.00441753784741
0.00325913930582
0.00437551743579
0.00319574199922
0.00430089363064
0.00310833811147
0.00420606057595
0.00301148037666
0.00410824157974
0.00291235215905
0.00400870058770
0.00281855248211
0.00391588407233
0.00273448315246
0.13784478583811