Ryan Colon, Hilbert Transform Filter, Attempt 10 (Best we can do)
0.00000000000000
-0.00252320542872
0.00000000000000
-0.00163137799782
0.00000000000000
-0.00214760951848
0.00000000000000
-0.00276230597489
0.00000000000000
-0.00348674007007
0.00000000000000
-0.00433536275406
0.00000000000000
-0.00532477122208
0.00000000000000
-0.00647286219029
0.00000000000000
-0.00779740143621
0.00000000000000
-0.00932458027003
0.00000000000000
-0.01108792522149
0.00000000000000
-0.01311984262728
0.00000000000000
-0.01547694192373
0.00000000000000
-0.01822225095585
0.00000000000000
-0.02144977081550
0.00000000000000
-0.02528975118009
0.00000000000000
-0.02993485417190
0.00000000000000
-0.03568211108902
0.00000000000000
-0.04301212844796
0.00000000000000
-0.05275855820305
0.00000000000000
-0.06649816480913
0.00000000000000
-0.08761770381839
0.00000000000000
-0.12492960303984
0.00000000000000
-0.21076282190963
0.00000000000000
-0.63613729767048
0.00000000000000
0.63613729767048
0.00000000000000
0.21076282190963
0.00000000000000
0.12492960303984
0.00000000000000
0.08761770381839
0.00000000000000
0.06649816480913
0.00000000000000
0.05275855820305
0.00000000000000
0.04301212844796
0.00000000000000
0.03568211108902
0.00000000000000
0.02993485417190
0.00000000000000
0.02528975118009
0.00000000000000
0.02144977081550
0.00000000000000
0.01822225095585
0.00000000000000
0.01547694192373
0.00000000000000
0.01311984262728
0.00000000000000
0.01108792522149
0.00000000000000
0.00932458027003
0.00000000000000
0.00779740143621
0.00000000000000
0.00647286219029
0.00000000000000
0.00532477122208
0.00000000000000
0.00433536275406
0.00000000000000
0.00348674007007
0.00000000000000
0.00276230597489
0.00000000000000
0.00214760951848
0.00000000000000
0.00163137799782
0.00000000000000
0.00252320542872
0.00000000000000