Ryan Colon, Hilbert Transform Filter, Attempt 15 (Book)
-0.00000489401451
-0.00000051655351
-0.00000566085642
-0.00000111496114
-0.00000888370611
-0.00000204427211
-0.00001326256288
-0.00000342113647
-0.00001907496080
-0.00000539381289
-0.00002663291910
-0.00000813061629
-0.00003631379472
-0.00001183866070
-0.00004852355302
-0.00001676196153
-0.00006373362672
-0.00002319030827
-0.00008246320315
-0.00003145671031
-0.00010529531964
-0.00004194664958
-0.00013286682550
-0.00005509984978
-0.00016588046148
-0.00007141935384
-0.00020509966422
-0.00009147243321
-0.00025135631720
-0.00011589756263
-0.00030554646957
-0.00014540634628
-0.00036863600624
-0.00018079189429
-0.00044165843913
-0.00022293238507
-0.00052571981194
-0.00027279890900
-0.00062199745305
-0.00033145873213
-0.00073174442598
-0.00040008355932
-0.00085629045426
-0.00047995543906
-0.00099704832768
-0.00057247799545
-0.00115551835577
-0.00067918545208
-0.00133329781471
-0.00080175662623
-0.00153209045496
-0.00094202840242
-0.00175372241436
-0.00110201645669
-0.00200016126841
-0.00128393856819
-0.00227354329119
-0.00149024749169
-0.00257620703724
-0.00172366957412
-0.00291073874485
-0.00198725719150
-0.00328003060972
-0.00228445400261
-0.00368735887033
-0.00261918329436
-0.00413648569643
-0.00299596171863
-0.00463179446290
-0.00342005260211
-0.00517846857553
-0.00389766836622
-0.00578273191669
-0.00443624668154
-0.00645217495724
-0.00504482640843
-0.00719620400050
-0.00573457246871
-0.00802666882797
-0.00651951541237
-0.00895875594839
-0.00741761937977
-0.01001228701064
-0.00845235396046
-0.01121365333108
-0.00965507416855
-0.01259878197916
-0.01106872964283
-0.01421783654396
-0.01275386097785
-0.01614296500788
-0.01479870785336
-0.01848167832899
-0.01733714652879
-0.02140129643491
-0.02058257058685
-0.02517685458117
-0.02489712691669
-0.03029375075583
-0.03094840248898
-0.03769529243551
-0.04011680611428
-0.04948723497739
-0.05579176965968
-0.07152105904397
-0.08911205010584
-0.12837692910518
-0.21062838394700
-0.63793737223533
0.63793737223533
0.21062838394700
0.12837692910518
0.08911205010584
0.07152105904397
0.05579176965968
0.04948723497739
0.04011680611428
0.03769529243551
0.03094840248898
0.03029375075583
0.02489712691669
0.02517685458117
0.02058257058685
0.02140129643491
0.01733714652879
0.01848167832899
0.01479870785336
0.01614296500788
0.01275386097785
0.01421783654396
0.01106872964283
0.01259878197916
0.00965507416855
0.01121365333108
0.00845235396046
0.01001228701064
0.00741761937977
0.00895875594839
0.00651951541237
0.00802666882797
0.00573457246871
0.00719620400050
0.00504482640843
0.00645217495724
0.00443624668154
0.00578273191669
0.00389766836622
0.00517846857553
0.00342005260211
0.00463179446290
0.00299596171863
0.00413648569643
0.00261918329436
0.00368735887033
0.00228445400261
0.00328003060972
0.00198725719150
0.00291073874485
0.00172366957412
0.00257620703724
0.00149024749169
0.00227354329119
0.00128393856819
0.00200016126841
0.00110201645669
0.00175372241436
0.00094202840242
0.00153209045496
0.00080175662623
0.00133329781471
0.00067918545208
0.00115551835577
0.00057247799545
0.00099704832768
0.00047995543906
0.00085629045426
0.00040008355932
0.00073174442598
0.00033145873213
0.00062199745305
0.00027279890900
0.00052571981194
0.00022293238507
0.00044165843913
0.00018079189429
0.00036863600624
0.00014540634628
0.00030554646957
0.00011589756263
0.00025135631720
0.00009147243321
0.00020509966422
0.00007141935384
0.00016588046148
0.00005509984978
0.00013286682550
0.00004194664958
0.00010529531964
0.00003145671031
0.00008246320315
0.00002319030827
0.00006373362672
0.00001676196153
0.00004852355302
0.00001183866070
0.00003631379472
0.00000813061629
0.00002663291910
0.00000539381289
0.00001907496080
0.00000342113647
0.00001326256288
0.00000204427211
0.00000888370611
0.00000111496114
0.00000566085642
0.00000051655351
0.00000489401451