Ryan Colon, FIR Filter, Attempt 4 (Optimizing)
0.00235455956003
0.00220551156530
0.00280095641082
0.00312185742445
0.00304308982707
0.00250259141645
0.00154822993674
0.00032057526390
-0.00096053984159
-0.00203387405835
-0.00266654613723
-0.00270420457038
-0.00212937028755
-0.00106606013151
0.00022879346710
0.00142940872042
0.00221076153526
0.00233934605887
0.00173604977464
0.00051267461054
-0.00104555253200
-0.00254161186331
-0.00356483473056
-0.00380070104505
-0.00312186805347
-0.00163874289972
0.00031306655324
0.00224343083100
0.00362940046085
0.00405250903572
0.00332186469666
0.00154334422047
-0.00088459223929
-0.00335557718266
-0.00520300720528
-0.00587518697477
-0.00509450588016
-0.00295366488212
0.00007837133138
0.00325372415844
0.00572390883855
0.00676211494130
0.00596876195462
0.00340738254642
-0.00037481545715
-0.00445400910506
-0.00774785837969
-0.00929405686331
-0.00851991048257
-0.00543048039086
-0.00065723215096
0.00465608060108
0.00911559260442
0.01142864405910
0.01076070454551
0.00700194057542
0.00086647212063
-0.00621821655046
-0.01242104041674
-0.01595400317452
-0.01555243781989
-0.01086689486446
-0.00265805060304
0.00727608383057
0.01644740604028
0.02224154609225
0.02257822099166
0.01651732888375
0.00465700768827
-0.01079044272069
-0.02629403109346
-0.03763571359643
-0.04076339122648
-0.03269191039328
-0.01225575975269
0.01946020379678
0.05912605102477
0.10163023630168
0.14092768308092
0.17111141309793
0.18749662633764
0.18749662633764
0.17111141309793
0.14092768308092
0.10163023630168
0.05912605102477
0.01946020379678
-0.01225575975269
-0.03269191039328
-0.04076339122648
-0.03763571359643
-0.02629403109346
-0.01079044272069
0.00465700768827
0.01651732888375
0.02257822099166
0.02224154609225
0.01644740604028
0.00727608383057
-0.00265805060304
-0.01086689486446
-0.01555243781989
-0.01595400317452
-0.01242104041674
-0.00621821655046
0.00086647212063
0.00700194057542
0.01076070454551
0.01142864405910
0.00911559260442
0.00465608060108
-0.00065723215096
-0.00543048039086
-0.00851991048257
-0.00929405686331
-0.00774785837969
-0.00445400910506
-0.00037481545715
0.00340738254642
0.00596876195462
0.00676211494130
0.00572390883855
0.00325372415844
0.00007837133138
-0.00295366488212
-0.00509450588016
-0.00587518697477
-0.00520300720528
-0.00335557718266
-0.00088459223929
0.00154334422047
0.00332186469666
0.00405250903572
0.00362940046085
0.00224343083100
0.00031306655324
-0.00163874289972
-0.00312186805347
-0.00380070104505
-0.00356483473056
-0.00254161186331
-0.00104555253200
0.00051267461054
0.00173604977464
0.00233934605887
0.00221076153526
0.00142940872042
0.00022879346710
-0.00106606013151
-0.00212937028755
-0.00270420457038
-0.00266654613723
-0.00203387405835
-0.00096053984159
0.00032057526390
0.00154822993674
0.00250259141645
0.00304308982707
0.00312185742445
0.00280095641082
0.00220551156530
0.00235455956003