Ryan Colon, FIR Filter, Attempt 1 (Let's hope we get it right the first time)
0.00005422193631
0.00062431040033
0.00054137702414
0.00069225337001
0.00073771551154
0.00067918333458
0.00050856832461
0.00024742128521
-0.00005762975820
-0.00034286945749
-0.00054171679687
-0.00060185423605
-0.00050050110673
-0.00025382513117
0.00008297757823
0.00042630111823
0.00068345220745
0.00077675893540
0.00066581229414
0.00036227771286
-0.00006869433685
-0.00052100347343
-0.00087295102893
-0.00101894649550
-0.00090019793787
-0.00052500060243
0.00002718070588
0.00062115440859
0.00109813039386
0.00131748306237
0.00119682714217
0.00073980685535
0.00004243751296
-0.00072518520770
-0.00135934117248
-0.00167559484646
-0.00156134029223
-0.00101263030055
-0.00014420015640
0.00083273868045
0.00166028242644
0.00210085000351
0.00200365015062
0.00135340762093
0.00028487214331
-0.00094238736707
-0.00200605319827
-0.00260375788001
-0.00253733630142
-0.00177512406695
-0.00047357420324
0.00105234257390
0.00240360678512
0.00319903405151
0.00318097030506
0.00229585897105
0.00072226023528
-0.00116106791864
-0.00286299893590
-0.00390636355134
-0.00396095451566
-0.00294016135995
-0.00104644784639
0.00126669642340
0.00339898395566
0.00475624658469
0.00491412138579
0.00374364324495
0.00146960132715
-0.00136771383932
-0.00403506691398
-0.00579363981466
-0.00609837887672
-0.00476116040573
-0.00202664947578
0.00146188752506
0.00480906806627
0.00709152091170
0.00760709059008
0.00608139121507
0.00277496218506
-0.00154755847362
-0.00578571203070
-0.00877590234172
-0.00960116341446
-0.00785971336590
-0.00381457133378
0.00162285754424
0.00708575786698
0.01108198098913
0.01238645736873
0.01039448603283
0.00534081545724
-0.00168679156768
-0.00895879925419
-0.01450588434493
-0.01662150587725
-0.01434500864119
-0.00779610245352
0.00173807234866
0.01201061700654
0.02029170229844
0.02402303671071
0.02150330024795
0.01244053724557
-0.00177600654595
-0.01817374303906
-0.03267761712739
-0.04089378629956
-0.03904507629545
-0.02485733633757
0.00179785325805
0.03866558443049
0.08134460895382
0.12397752159973
0.16026663754411
0.18461990157820
0.19319371133168
0.18461990157820
0.16026663754411
0.12397752159973
0.08134460895382
0.03866558443049
0.00179785325805
-0.02485733633757
-0.03904507629545
-0.04089378629956
-0.03267761712739
-0.01817374303906
-0.00177600654595
0.01244053724557
0.02150330024795
0.02402303671071
0.02029170229844
0.01201061700654
0.00173807234866
-0.00779610245352
-0.01434500864119
-0.01662150587725
-0.01450588434493
-0.00895879925419
-0.00168679156768
0.00534081545724
0.01039448603283
0.01238645736873
0.01108198098913
0.00708575786698
0.00162285754424
-0.00381457133378
-0.00785971336590
-0.00960116341446
-0.00877590234172
-0.00578571203070
-0.00154755847362
0.00277496218506
0.00608139121507
0.00760709059008
0.00709152091170
0.00480906806627
0.00146188752506
-0.00202664947578
-0.00476116040573
-0.00609837887672
-0.00579363981466
-0.00403506691398
-0.00136771383932
0.00146960132715
0.00374364324495
0.00491412138579
0.00475624658469
0.00339898395566
0.00126669642340
-0.00104644784639
-0.00294016135995
-0.00396095451566
-0.00390636355134
-0.00286299893590
-0.00116106791864
0.00072226023528
0.00229585897105
0.00318097030506
0.00319903405151
0.00240360678512
0.00105234257390
-0.00047357420324
-0.00177512406695
-0.00253733630142
-0.00260375788001
-0.00200605319827
-0.00094238736707
0.00028487214331
0.00135340762093
0.00200365015062
0.00210085000351
0.00166028242644
0.00083273868045
-0.00014420015640
-0.00101263030055
-0.00156134029223
-0.00167559484646
-0.00135934117248
-0.00072518520770
0.00004243751296
0.00073980685535
0.00119682714217
0.00131748306237
0.00109813039386
0.00062115440859
0.00002718070588
-0.00052500060243
-0.00090019793787
-0.00101894649550
-0.00087295102893
-0.00052100347343
-0.00006869433685
0.00036227771286
0.00066581229414
0.00077675893540
0.00068345220745
0.00042630111823
0.00008297757823
-0.00025382513117
-0.00050050110673
-0.00060185423605
-0.00054171679687
-0.00034286945749
-0.00005762975820
0.00024742128521
0.00050856832461
0.00067918333458
0.00073771551154
0.00069225337001
0.00054137702414
0.00062431040033
0.00005422193631