Ryan Colon, FIR Filter, Attempt 3 (Adjusting passband to reduce coeff)
-0.00009938460052
0.00236383017129
0.00228941626233
0.00291049420308
0.00330170480653
0.00330027673934
0.00284111283007
0.00195578998281
0.00077796609404
-0.00047497366175
-0.00154518663347
-0.00219383959257
-0.00226290941857
-0.00172281294534
-0.00069160551043
0.00058312716095
0.00177713427274
0.00256730022387
0.00271425809654
0.00213342029137
0.00092743255281
-0.00062449536663
-0.00212843845004
-0.00317331730553
-0.00344034767162
-0.00279536348073
-0.00134023281161
0.00059625225003
0.00252715094348
0.00392795455417
0.00437596070866
0.00367448320906
0.00192019978672
-0.00049712643070
-0.00297516280755
-0.00484397004833
-0.00555090734223
-0.00481001109257
-0.00270009969043
0.00031129033576
0.00348623450190
0.00597271481405
0.00704077216362
0.00628204078868
0.00375092080635
-0.00001443755710
-0.00409543813737
-0.00741049760091
-0.00899266464663
-0.00826081951947
-0.00520966403380
-0.00046134659199
0.00484643604992
0.00932112128613
0.01166637302386
0.01103843775254
0.00731795458578
0.00120820873349
-0.00587009015935
-0.01208823150293
-0.01565501684165
-0.01529757726560
-0.01065532738468
-0.00247875701417
0.00744192494223
0.01662223415839
0.02244566013452
0.02282422304302
0.01680831533102
0.00498581636585
-0.01043998175866
-0.02594361430881
-0.03730619554698
-0.04047328740926
-0.03245238607888
-0.01206965112185
0.01959631656330
0.05922198570611
0.10169718964031
0.14097676545979
0.17115104668317
0.18753256224688
0.18753256224688
0.17115104668317
0.14097676545979
0.10169718964031
0.05922198570611
0.01959631656330
-0.01206965112185
-0.03245238607888
-0.04047328740926
-0.03730619554698
-0.02594361430881
-0.01043998175866
0.00498581636585
0.01680831533102
0.02282422304302
0.02244566013452
0.01662223415839
0.00744192494223
-0.00247875701417
-0.01065532738468
-0.01529757726560
-0.01565501684165
-0.01208823150293
-0.00587009015935
0.00120820873349
0.00731795458578
0.01103843775254
0.01166637302386
0.00932112128613
0.00484643604992
-0.00046134659199
-0.00520966403380
-0.00826081951947
-0.00899266464663
-0.00741049760091
-0.00409543813737
-0.00001443755710
0.00375092080635
0.00628204078868
0.00704077216362
0.00597271481405
0.00348623450190
0.00031129033576
-0.00270009969043
-0.00481001109257
-0.00555090734223
-0.00484397004833
-0.00297516280755
-0.00049712643070
0.00192019978672
0.00367448320906
0.00437596070866
0.00392795455417
0.00252715094348
0.00059625225003
-0.00134023281161
-0.00279536348073
-0.00344034767162
-0.00317331730553
-0.00212843845004
-0.00062449536663
0.00092743255281
0.00213342029137
0.00271425809654
0.00256730022387
0.00177713427274
0.00058312716095
-0.00069160551043
-0.00172281294534
-0.00226290941857
-0.00219383959257
-0.00154518663347
-0.00047497366175
0.00077796609404
0.00195578998281
0.00284111283007
0.00330027673934
0.00330170480653
0.00291049420308
0.00228941626233
0.00236383017129
-0.00009938460052