Chris Swindell, Freq Shifter Filter, ECE 5020
0.1542876801146078
0.0036067574765432
-0.0136326404817222
-0.0010124608083517
-0.0073164096861182
-0.0075394360552838
-0.0006465865174878
-0.0129666518457784
0.0035192111727209
-0.0148944128335583
0.0034992750385714
-0.0125266673751185
-0.0005354539997100
-0.0069695178693060
-0.0066634962463993
-0.0007372980220666
-0.0121143015259642
0.0033161409454004
-0.0140983204058085
0.0035849809676887
-0.0122755998832198
-0.0005404739546883
-0.0068313911518544
-0.0068087951892158
-0.0006293233005516
-0.0122906750556287
0.0033793737636343
-0.0144567216765317
0.0032465773530689
-0.0122374251307676
-0.0011075729315573
-0.0066090602147642
-0.0077299753539563
-0.0002779857866571
-0.0134809295969471
0.0035086758617832
-0.0154371941762006
0.0027501569103001
-0.0126006986588679
-0.0026407144039619
-0.0062575181656969
-0.0100334214398887
0.0002923325497782
-0.0158121091148657
0.0035321859042335
-0.0170443383402436
0.0014431092397279
-0.0129800274243967
-0.0053386268538090
-0.0056446467704780
-0.0136320277894409
0.0010223377493863
-0.0192569135518782
0.0031198968872259
-0.0191988836930530
-0.0010123523454420
-0.0133304556067299
-0.0099333018191197
-0.0047516806222443
-0.0193529744730009
0.0016647159522137
-0.0244403782907207
0.0017296129126953
-0.0223126644601310
-0.0057755157601548
-0.0138161229756428
-0.0180485051744887
-0.0035915930530204
-0.0292834607314060
0.0019667171344289
-0.0335201393034812
-0.0020586667367731
-0.0279523433300419
-0.0161807124437576
-0.0150152607146345
-0.0355726246756520
-0.0022591208635258
-0.0516193823921873
0.0004803224748466
-0.0557955049277623
-0.0149039307912469
-0.0441337488241141
-0.0514344213666189
-0.0208083197346201
-0.1067285358100470
-0.0007559470944415
-0.1803430563226612
-0.0215292741398062
-0.3297208907640217
-0.5129288272215919
0.5129288272215919
0.3297208907640217
0.0215292741398062
0.1803430563226612
0.0007559470944415
0.1067285358100470
0.0208083197346201
0.0514344213666189
0.0441337488241141
0.0149039307912469
0.0557955049277623
-0.0004803224748466
0.0516193823921873
0.0022591208635258
0.0355726246756520
0.0150152607146345
0.0161807124437576
0.0279523433300419
0.0020586667367731
0.0335201393034812
-0.0019667171344289
0.0292834607314060
0.0035915930530204
0.0180485051744887
0.0138161229756428
0.0057755157601548
0.0223126644601310
-0.0017296129126953
0.0244403782907207
-0.0016647159522137
0.0193529744730009
0.0047516806222443
0.0099333018191197
0.0133304556067299
0.0010123523454420
0.0191988836930530
-0.0031198968872259
0.0192569135518782
-0.0010223377493863
0.0136320277894409
0.0056446467704780
0.0053386268538090
0.0129800274243967
-0.0014431092397279
0.0170443383402436
-0.0035321859042335
0.0158121091148657
-0.0002923325497782
0.0100334214398887
0.0062575181656969
0.0026407144039619
0.0126006986588679
-0.0027501569103001
0.0154371941762006
-0.0035086758617832
0.0134809295969471
0.0002779857866571
0.0077299753539563
0.0066090602147642
0.0011075729315573
0.0122374251307676
-0.0032465773530689
0.0144567216765317
-0.0033793737636343
0.0122906750556287
0.0006293233005516
0.0068087951892158
0.0068313911518544
0.0005404739546883
0.0122755998832198
-0.0035849809676887
0.0140983204058085
-0.0033161409454004
0.0121143015259642
0.0007372980220666
0.0066634962463993
0.0069695178693060
0.0005354539997100
0.0125266673751185
-0.0034992750385714
0.0148944128335583
-0.0035192111727209
0.0129666518457784
0.0006465865174878
0.0075394360552838
0.0073164096861182
0.0010124608083517
0.0136326404817222
-0.0036067574765432
-0.1542876801146078