Ryan Colon, Hilbert Transform Filter, Attempt 13 (Onto Sum)
0.00000000000000
-0.00336127973801
0.00000000000000
-0.00160099822038
0.00000000000000
-0.00197641356388
0.00000000000000
-0.00240609153911
0.00000000000000
-0.00289353242834
0.00000000000000
-0.00344476188272
0.00000000000000
-0.00406739747305
0.00000000000000
-0.00476847661745
0.00000000000000
-0.00555365220669
0.00000000000000
-0.00643098326136
0.00000000000000
-0.00741502648470
0.00000000000000
-0.00851877254253
0.00000000000000
-0.00974705698628
0.00000000000000
-0.01113186136777
0.00000000000000
-0.01268627624611
0.00000000000000
-0.01444356383333
0.00000000000000
-0.01643990831099
0.00000000000000
-0.01872571417340
0.00000000000000
-0.02136755722347
0.00000000000000
-0.02445705422301
0.00000000000000
-0.02812603775486
0.00000000000000
-0.03256959087937
0.00000000000000
-0.03808484357556
0.00000000000000
-0.04515463555768
0.00000000000000
-0.05461663502726
0.00000000000000
-0.06804946024435
0.00000000000000
-0.08884383578296
0.00000000000000
-0.12581546954013
0.00000000000000
-0.21129888399575
0.00000000000000
-0.63631681506736
0.00000000000000
0.63631681506736
0.00000000000000
0.21129888399575
0.00000000000000
0.12581546954013
0.00000000000000
0.08884383578296
0.00000000000000
0.06804946024435
0.00000000000000
0.05461663502726
0.00000000000000
0.04515463555768
0.00000000000000
0.03808484357556
0.00000000000000
0.03256959087937
0.00000000000000
0.02812603775486
0.00000000000000
0.02445705422301
0.00000000000000
0.02136755722347
0.00000000000000
0.01872571417340
0.00000000000000
0.01643990831099
0.00000000000000
0.01444356383333
0.00000000000000
0.01268627624611
0.00000000000000
0.01113186136777
0.00000000000000
0.00974705698628
0.00000000000000
0.00851877254253
0.00000000000000
0.00741502648470
0.00000000000000
0.00643098326136
0.00000000000000
0.00555365220669
0.00000000000000
0.00476847661745
0.00000000000000
0.00406739747305
0.00000000000000
0.00344476188272
0.00000000000000
0.00289353242834
0.00000000000000
0.00240609153911
0.00000000000000
0.00197641356388
0.00000000000000
0.00160099822038
0.00000000000000
0.00336127973801
0.00000000000000