Ryan Colon, Hilbert Transform Filter, Attempt 12 (Onto Sum)
0.00000000000000
-0.00224806322101
0.00000000000000
-0.00104223766720
0.00000000000000
-0.00127946448518
0.00000000000000
-0.00154988643617
0.00000000000000
-0.00185668996217
0.00000000000000
-0.00220271241924
0.00000000000000
-0.00259060391479
0.00000000000000
-0.00302436173802
0.00000000000000
-0.00350878436646
0.00000000000000
-0.00404844762210
0.00000000000000
-0.00464578543205
0.00000000000000
-0.00530659420653
0.00000000000000
-0.00604195042366
0.00000000000000
-0.00685209472072
0.00000000000000
-0.00775116969250
0.00000000000000
-0.00874618270823
0.00000000000000
-0.00985008726049
0.00000000000000
-0.01107723061806
0.00000000000000
-0.01244570976223
0.00000000000000
-0.01397835706450
0.00000000000000
-0.01570398511144
0.00000000000000
-0.01766038768852
0.00000000000000
-0.01989660892295
0.00000000000000
-0.02248033535261
0.00000000000000
-0.02550390909182
0.00000000000000
-0.02909915881557
0.00000000000000
-0.03346093977737
0.00000000000000
-0.03888794809794
0.00000000000000
-0.04586434064937
0.00000000000000
-0.05522637317550
0.00000000000000
-0.06855522679951
0.00000000000000
-0.08924128389595
0.00000000000000
-0.12610195540658
0.00000000000000
-0.21147170034396
0.00000000000000
-0.63637435583753
0.00000000000000
0.63637435583753
0.00000000000000
0.21147170034396
0.00000000000000
0.12610195540658
0.00000000000000
0.08924128389595
0.00000000000000
0.06855522679951
0.00000000000000
0.05522637317550
0.00000000000000
0.04586434064937
0.00000000000000
0.03888794809794
0.00000000000000
0.03346093977737
0.00000000000000
0.02909915881557
0.00000000000000
0.02550390909182
0.00000000000000
0.02248033535261
0.00000000000000
0.01989660892295
0.00000000000000
0.01766038768852
0.00000000000000
0.01570398511144
0.00000000000000
0.01397835706450
0.00000000000000
0.01244570976223
0.00000000000000
0.01107723061806
0.00000000000000
0.00985008726049
0.00000000000000
0.00874618270823
0.00000000000000
0.00775116969250
0.00000000000000
0.00685209472072
0.00000000000000
0.00604195042366
0.00000000000000
0.00530659420653
0.00000000000000
0.00464578543205
0.00000000000000
0.00404844762210
0.00000000000000
0.00350878436646
0.00000000000000
0.00302436173802
0.00000000000000
0.00259060391479
0.00000000000000
0.00220271241924
0.00000000000000
0.00185668996217
0.00000000000000
0.00154988643617
0.00000000000000
0.00127946448518
0.00000000000000
0.00104223766720
0.00000000000000
0.00224806322101
0.00000000000000