Ryan Colon, Hilbert Transform Filter, Attempt 3 (Winning)
-0.00301000821749
-0.00007219681530
-0.00031936329498
-0.00007985378752
-0.00033704490433
-0.00008793632516
-0.00035529996420
-0.00009645798896
-0.00037412742514
-0.00010541296346
-0.00039359172440
-0.00011485687784
-0.00041366428782
-0.00012477521302
-0.00043440071312
-0.00013518288219
-0.00045577801642
-0.00014613681997
-0.00047783231676
-0.00015760182709
-0.00050061747483
-0.00016962843470
-0.00052388170646
-0.00018219537452
-0.00054832228345
-0.00019529986497
-0.00057296241478
-0.00020906192071
-0.00059862380369
-0.00022345486831
-0.00062514467075
-0.00023838155637
-0.00065225861625
-0.00025392557800
-0.00068014363737
-0.00027024643817
-0.00070883398298
-0.00028727168589
-0.00073835785958
-0.00030492726781
-0.00076866744966
-0.00032330076485
-0.00079980240990
-0.00034244884260
-0.00083186138990
-0.00036243380148
-0.00086473772288
-0.00038329222003
-0.00089866298773
-0.00040502618035
-0.00093339809403
-0.00042763554165
-0.00096908983009
-0.00045114406743
-0.00100588327716
-0.00047563602970
-0.00104362892540
-0.00050106804932
-0.00108250942027
-0.00052751185864
-0.00112242658935
-0.00055491567804
-0.00116341050346
-0.00058327714507
-0.00120547178872
-0.00061271023225
-0.00124862849699
-0.00064318932480
-0.00129293045760
-0.00067465906060
-0.00133833284689
-0.00070722690628
-0.00138506406718
-0.00074112208155
-0.00143304379182
-0.00077639058974
-0.00148221244924
-0.00081298094823
-0.00153306042317
-0.00085128089390
-0.00158507536941
-0.00089111969372
-0.00163866379331
-0.00093259424747
-0.00169365181638
-0.00097561530400
-0.00175005901809
-0.00101999826903
-0.00180789629804
-0.00106566711918
-0.00186726059941
-0.00111262864078
-0.00192852494831
-0.00116120308483
-0.00199216055474
-0.00121215425866
-0.00205863318514
-0.00126638499564
-0.00212693225532
-0.00132367993615
-0.00219093081217
-0.00137870721448
-0.00226587054832
-0.00143905908060
-0.00233848583314
-0.00150111116365
-0.00241423421862
-0.00156562468476
-0.00249244601594
-0.00163276659643
-0.00257321001376
-0.00170262163189
-0.00265668428840
-0.00177538242350
-0.00274297845854
-0.00185119121825
-0.00283229049841
-0.00193018184853
-0.00292473618896
-0.00201257257299
-0.00302046105531
-0.00209842728996
-0.00312004625534
-0.00218833501279
-0.00322259569519
-0.00228194973624
-0.00333015474878
-0.00238007264220
-0.00344150328467
-0.00248267854601
-0.00355715715211
-0.00259020198156
-0.00367793671103
-0.00270306094340
-0.00380411393771
-0.00282144824830
-0.00393592209025
-0.00294580831874
-0.00407370589617
-0.00307669863037
-0.00421806797219
-0.00321467655923
-0.00436959758754
-0.00336036583761
-0.00452886092633
-0.00351431968055
-0.00469666673762
-0.00367729696667
-0.00487346552338
-0.00384999002007
-0.00506043177765
-0.00403345857918
-0.00525842276085
-0.00422880599565
-0.00546852291277
-0.00443720867265
-0.00569220749157
-0.00466018049505
-0.00593085889634
-0.00489920909164
-0.00618625394931
-0.00515622234931
-0.00646040411800
-0.00543340702888
-0.00675570619216
-0.00573319839742
-0.00707487917976
-0.00605860807164
-0.00742112316647
-0.00641325898371
-0.00779845907206
-0.00680150438189
-0.00821142763413
-0.00722839364709
-0.00866582348232
-0.00770032285960
-0.00916870418234
-0.00822527723502
-0.00972853613060
-0.00881262575747
-0.01035652136474
-0.00947487267806
-0.01106625994149
-0.01022745110036
-0.01187565413409
-0.01109069771766
-0.01280803957119
-0.01209167132494
-0.01389483665556
-0.01326710999720
-0.01517923095078
-0.01466830359035
-0.01672207271909
-0.01636852528563
-0.01861200510605
-0.01847607992445
-0.02098304105646
-0.02115857470862
-0.02404920182253
-0.02469201215041
-0.02817468775884
-0.02956561990070
-0.03402503631697
-0.03672057709875
-0.04298406362657
-0.04826570605179
-0.05844086309084
-0.07005321744976
-0.09153550208168
-0.12666451710599
-0.21281975597641
-0.63598340502267
0.63598340502267
0.21281975597641
0.12666451710599
0.09153550208168
0.07005321744976
0.05844086309084
0.04826570605179
0.04298406362657
0.03672057709875
0.03402503631697
0.02956561990070
0.02817468775884
0.02469201215041
0.02404920182253
0.02115857470862
0.02098304105646
0.01847607992445
0.01861200510605
0.01636852528563
0.01672207271909
0.01466830359035
0.01517923095078
0.01326710999720
0.01389483665556
0.01209167132494
0.01280803957119
0.01109069771766
0.01187565413409
0.01022745110036
0.01106625994149
0.00947487267806
0.01035652136474
0.00881262575747
0.00972853613060
0.00822527723502
0.00916870418234
0.00770032285960
0.00866582348232
0.00722839364709
0.00821142763413
0.00680150438189
0.00779845907206
0.00641325898371
0.00742112316647
0.00605860807164
0.00707487917976
0.00573319839742
0.00675570619216
0.00543340702888
0.00646040411800
0.00515622234931
0.00618625394931
0.00489920909164
0.00593085889634
0.00466018049505
0.00569220749157
0.00443720867265
0.00546852291277
0.00422880599565
0.00525842276085
0.00403345857918
0.00506043177765
0.00384999002007
0.00487346552338
0.00367729696667
0.00469666673762
0.00351431968055
0.00452886092633
0.00336036583761
0.00436959758754
0.00321467655923
0.00421806797219
0.00307669863037
0.00407370589617
0.00294580831874
0.00393592209025
0.00282144824830
0.00380411393771
0.00270306094340
0.00367793671103
0.00259020198156
0.00355715715211
0.00248267854601
0.00344150328467
0.00238007264220
0.00333015474878
0.00228194973624
0.00322259569519
0.00218833501279
0.00312004625534
0.00209842728996
0.00302046105531
0.00201257257299
0.00292473618896
0.00193018184853
0.00283229049841
0.00185119121825
0.00274297845854
0.00177538242350
0.00265668428840
0.00170262163189
0.00257321001376
0.00163276659643
0.00249244601594
0.00156562468476
0.00241423421862
0.00150111116365
0.00233848583314
0.00143905908060
0.00226587054832
0.00137870721448
0.00219093081217
0.00132367993615
0.00212693225532
0.00126638499564
0.00205863318514
0.00121215425866
0.00199216055474
0.00116120308483
0.00192852494831
0.00111262864078
0.00186726059941
0.00106566711918
0.00180789629804
0.00101999826903
0.00175005901809
0.00097561530400
0.00169365181638
0.00093259424747
0.00163866379331
0.00089111969372
0.00158507536941
0.00085128089390
0.00153306042317
0.00081298094823
0.00148221244924
0.00077639058974
0.00143304379182
0.00074112208155
0.00138506406718
0.00070722690628
0.00133833284689
0.00067465906060
0.00129293045760
0.00064318932480
0.00124862849699
0.00061271023225
0.00120547178872
0.00058327714507
0.00116341050346
0.00055491567804
0.00112242658935
0.00052751185864
0.00108250942027
0.00050106804932
0.00104362892540
0.00047563602970
0.00100588327716
0.00045114406743
0.00096908983009
0.00042763554165
0.00093339809403
0.00040502618035
0.00089866298773
0.00038329222003
0.00086473772288
0.00036243380148
0.00083186138990
0.00034244884260
0.00079980240990
0.00032330076485
0.00076866744966
0.00030492726781
0.00073835785958
0.00028727168589
0.00070883398298
0.00027024643817
0.00068014363737
0.00025392557800
0.00065225861625
0.00023838155637
0.00062514467075
0.00022345486831
0.00059862380369
0.00020906192071
0.00057296241478
0.00019529986497
0.00054832228345
0.00018219537452
0.00052388170646
0.00016962843470
0.00050061747483
0.00015760182709
0.00047783231676
0.00014613681997
0.00045577801642
0.00013518288219
0.00043440071312
0.00012477521302
0.00041366428782
0.00011485687784
0.00039359172440
0.00010541296346
0.00037412742514
0.00009645798896
0.00035529996420
0.00008793632516
0.00033704490433
0.00007985378752
0.00031936329498
0.00007219681530
0.00301000821749