Ryan Colon, Hilbert Transform Filter, Attempt 9 (Optimize for HF)
0.00000000000000
-0.00000016526571
0.00000000000000
0.00000060125289
0.00000000000000
-0.00000183648846
0.00000000000000
0.00000230873282
0.00000000000000
-0.00000033479029
0.00000000000000
-0.00000161188503
0.00000000000000
0.00000074281136
0.00000000000000
0.00000116510396
0.00000000000000
0.00000058263970
0.00000000000000
-0.00000001190175
0.00000000000000
-0.00000031241757
0.00000000000000
0.00000013996183
0.00000000000000
0.00000068945197
0.00000000000000
0.00000137986515
0.00000000000000
0.00000156231503
0.00000000000000
0.00000089980143
0.00000000000000
0.00000049395400
0.00000000000000
0.00000055810538
0.00000000000000
0.00000092259173
0.00000000000000
0.00000150982322
0.00000000000000
0.00000196471708
0.00000000000000
0.00000220966611
0.00000000000000
0.00000214989897
0.00000000000000
0.00000193898817
0.00000000000000
0.00000182673629
0.00000000000000
0.00000163806760
0.00000000000000
0.00000144707073
0.00000000000000
0.00000141003454
0.00000000000000
0.00000147294746
0.00000000000000
0.00000163782681
0.00000000000000
0.00000181702924
0.00000000000000
0.00000195403372
0.00000000000000
0.00000199042187
0.00000000000000
0.00000185794923
0.00000000000000
0.00000167707298
0.00000000000000
0.00000148694022
0.00000000000000
0.00000127772144
0.00000000000000
0.00000111994925
0.00000000000000
0.00000103147391
0.00000000000000
0.00000101439655
0.00000000000000
0.00000100883056
0.00000000000000
0.00000093907052
0.00000000000000
0.00000076383533
0.00000000000000
0.00000043461853
0.00000000000000
0.00000000000000
0.00000000000000
-0.00000043461853
0.00000000000000
-0.00000076383533
0.00000000000000
-0.00000093907052
0.00000000000000
-0.00000100883056
0.00000000000000
-0.00000101439655
0.00000000000000
-0.00000103147391
0.00000000000000
-0.00000111994925
0.00000000000000
-0.00000127772144
0.00000000000000
-0.00000148694022
0.00000000000000
-0.00000167707298
0.00000000000000
-0.00000185794923
0.00000000000000
-0.00000199042187
0.00000000000000
-0.00000195403372
0.00000000000000
-0.00000181702924
0.00000000000000
-0.00000163782681
0.00000000000000
-0.00000147294746
0.00000000000000
-0.00000141003454
0.00000000000000
-0.00000144707073
0.00000000000000
-0.00000163806760
0.00000000000000
-0.00000182673629
0.00000000000000
-0.00000193898817
0.00000000000000
-0.00000214989897
0.00000000000000
-0.00000220966611
0.00000000000000
-0.00000196471708
0.00000000000000
-0.00000150982322
0.00000000000000
-0.00000092259173
0.00000000000000
-0.00000055810538
0.00000000000000
-0.00000049395400
0.00000000000000
-0.00000089980143
0.00000000000000
-0.00000156231503
0.00000000000000
-0.00000137986515
0.00000000000000
-0.00000068945197
0.00000000000000
-0.00000013996183
0.00000000000000
0.00000031241757
0.00000000000000
0.00000001190175
0.00000000000000
-0.00000058263970
0.00000000000000
-0.00000116510396
0.00000000000000
-0.00000074281136
0.00000000000000
0.00000161188503
0.00000000000000
0.00000033479029
0.00000000000000
-0.00000230873282
0.00000000000000
0.00000183648846
0.00000000000000
-0.00000060125289
0.00000000000000
0.00000016526571
0.00000000000000