Ryan Colon, Hilbert Transform Filter, Attempt 8 (Paper)
0.00000000000000
-0.00309593722091
0.00000000000000
-0.00108377240865
0.00000000000000
-0.00126935903746
0.00000000000000
-0.00147621810699
0.00000000000000
-0.00170442232165
0.00000000000000
-0.00195516098190
0.00000000000000
-0.00222939048816
0.00000000000000
-0.00252872970011
0.00000000000000
-0.00285600956548
0.00000000000000
-0.00321458960648
0.00000000000000
-0.00360554906629
0.00000000000000
-0.00402719266075
0.00000000000000
-0.00448341344319
0.00000000000000
-0.00498618224769
0.00000000000000
-0.00552459180402
0.00000000000000
-0.00611282171368
0.00000000000000
-0.00675053050758
0.00000000000000
-0.00744377213159
0.00000000000000
-0.00819853529634
0.00000000000000
-0.00902174086960
0.00000000000000
-0.00992089567975
0.00000000000000
-0.01090500372937
0.00000000000000
-0.01198681542462
0.00000000000000
-0.01318154629774
0.00000000000000
-0.01450554233942
0.00000000000000
-0.01598163593813
0.00000000000000
-0.01764106762891
0.00000000000000
-0.01951856376826
0.00000000000000
-0.02166642369949
0.00000000000000
-0.02415091860415
0.00000000000000
-0.02706542181897
0.00000000000000
-0.03054212334177
0.00000000000000
-0.03477686090358
0.00000000000000
-0.04006943426482
0.00000000000000
-0.04690344472672
0.00000000000000
-0.05611663181624
0.00000000000000
-0.06929174076874
0.00000000000000
-0.08981905274304
0.00000000000000
-0.12651703814876
0.00000000000000
-0.21172197013802
0.00000000000000
-0.63645803851051
0.00000000000000
0.63645803851051
0.00000000000000
0.21172197013802
0.00000000000000
0.12651703814876
0.00000000000000
0.08981905274304
0.00000000000000
0.06929174076874
0.00000000000000
0.05611663181624
0.00000000000000
0.04690344472672
0.00000000000000
0.04006943426482
0.00000000000000
0.03477686090358
0.00000000000000
0.03054212334177
0.00000000000000
0.02706542181897
0.00000000000000
0.02415091860415
0.00000000000000
0.02166642369949
0.00000000000000
0.01951856376826
0.00000000000000
0.01764106762891
0.00000000000000
0.01598163593813
0.00000000000000
0.01450554233942
0.00000000000000
0.01318154629774
0.00000000000000
0.01198681542462
0.00000000000000
0.01090500372937
0.00000000000000
0.00992089567975
0.00000000000000
0.00902174086960
0.00000000000000
0.00819853529634
0.00000000000000
0.00744377213159
0.00000000000000
0.00675053050758
0.00000000000000
0.00611282171368
0.00000000000000
0.00552459180402
0.00000000000000
0.00498618224769
0.00000000000000
0.00448341344319
0.00000000000000
0.00402719266075
0.00000000000000
0.00360554906629
0.00000000000000
0.00321458960648
0.00000000000000
0.00285600956548
0.00000000000000
0.00252872970011
0.00000000000000
0.00222939048816
0.00000000000000
0.00195516098190
0.00000000000000
0.00170442232165
0.00000000000000
0.00147621810699
0.00000000000000
0.00126935903746
0.00000000000000
0.00108377240865
0.00000000000000
0.00309593722091
0.00000000000000