Ryan Colon, Hilbert Transform Filter, Attempt 6 (odd)
-0.00511786492814
-0.00006363621137
-0.00024746078264
-0.00006668924285
-0.00025378845220
-0.00006980987582
-0.00026021757073
-0.00007299931283
-0.00026674110410
-0.00007626355165
-0.00027335773567
-0.00007961028159
-0.00028006044867
-0.00008302419356
-0.00028684611836
-0.00008651062467
-0.00029373584944
-0.00009010070606
-0.00030073593718
-0.00009378277522
-0.00030786764329
-0.00009756600561
-0.00031502824054
-0.00010145926737
-0.00032248554925
-0.00010542425332
-0.00032984226621
-0.00010955084813
-0.00033741442589
-0.00011380969165
-0.00034515058183
-0.00011811183951
-0.00035295137274
-0.00012251331057
-0.00036086005805
-0.00012709467629
-0.00036892498170
-0.00013182582408
-0.00037713315622
-0.00013663791416
-0.00038547276221
-0.00014153156755
-0.00039391739090
-0.00014650518758
-0.00040246005552
-0.00015155866172
-0.00041112634042
-0.00015675199585
-0.00041993738100
-0.00016202863483
-0.00042884396526
-0.00016737353644
-0.00043785006881
-0.00017276102764
-0.00044696954412
-0.00017816531154
-0.00045620173228
-0.00018365279860
-0.00046558603779
-0.00018929248803
-0.00047512432392
-0.00019504402637
-0.00048478820508
-0.00020085819367
-0.00049465086481
-0.00020684257145
-0.00050477688016
-0.00021309407715
-0.00051495841470
-0.00021951719834
-0.00052547408914
-0.00022623116012
-0.00053612651144
-0.00023321669008
-0.00054696081272
-0.00024047772901
-0.00055790164657
-0.00024799550165
-0.00056885350593
-0.00025565921220
-0.00057965316974
-0.00026331486931
-0.00059013980468
-0.00027077503484
-0.00060021846256
-0.00027781361689
-0.00061005926030
-0.00028430847050
-0.00062090754205
-0.00029069026380
-0.00064266375120
-0.00030144920709
-0.00064689917118
-0.00030917749754
-0.00065994954790
-0.00031746985782
-0.00067228422429
-0.00032597303896
-0.00068469643211
-0.00033466171728
-0.00069726163195
-0.00034354053067
-0.00070999254481
-0.00035258904651
-0.00072288439847
-0.00036180350583
-0.00073595397271
-0.00037121321219
-0.00074921578448
-0.00038080639453
-0.00076269891964
-0.00039061110255
-0.00077627238856
-0.00040058199110
-0.00079031629144
-0.00041077219046
-0.00080425275007
-0.00042118474102
-0.00081854484189
-0.00043183889992
-0.00083313157423
-0.00044263087201
-0.00084784952585
-0.00045358490694
-0.00086272121613
-0.00046479009067
-0.00087782355191
-0.00047624623660
-0.00089316953853
-0.00048789835249
-0.00090874569446
-0.00049974755719
-0.00092452007085
-0.00051178801178
-0.00094048662086
-0.00052403430996
-0.00095665766285
-0.00053657372435
-0.00097311190294
-0.00054940070176
-0.00098979922264
-0.00056252542443
-0.00100674882201
-0.00057593053924
-0.00102397463786
-0.00058957623814
-0.00104145012628
-0.00060350766885
-0.00105921031300
-0.00061779076362
-0.00107727478912
-0.00063237464418
-0.00109560605243
-0.00064716184695
-0.00111422671300
-0.00066220566137
-0.00113317151322
-0.00067757156141
-0.00115228273183
-0.00069310601311
-0.00117176244972
-0.00070894193534
-0.00119149295448
-0.00072506527053
-0.00121156629576
-0.00074156333255
-0.00123201458594
-0.00075854541430
-0.00125287958774
-0.00077605785112
-0.00127411045435
-0.00079407909052
-0.00129559123385
-0.00081247898131
-0.00131715480054
-0.00083096699139
-0.00133870884448
-0.00084924315681
-0.00136075853074
-0.00086754799011
-0.00138602897202
-0.00088837687593
-0.00140750946686
-0.00090808264093
-0.00143158410236
-0.00092852741091
-0.00145570254501
-0.00094942085832
-0.00148025009667
-0.00097078089240
-0.00150525483028
-0.00099263718502
-0.00153073374645
-0.00101498529027
-0.00155668288765
-0.00103782602277
-0.00158311536674
-0.00106119274590
-0.00161005238555
-0.00108508036388
-0.00163752773629
-0.00110954974046
-0.00166538406341
-0.00113447362686
-0.00169413914435
-0.00116009252247
-0.00172300000833
-0.00118625195417
-0.00175263521301
-0.00121309235402
-0.00178301497725
-0.00124054197791
-0.00181394000869
-0.00126860732565
-0.00184542416591
-0.00129739177647
-0.00187759194695
-0.00132694551561
-0.00191051889982
-0.00135725680937
-0.00194422946209
-0.00138834480735
-0.00197871342697
-0.00142019972775
-0.00201397190958
-0.00145283990950
-0.00204999931978
-0.00148634792622
-0.00208692410707
-0.00152077219266
-0.00212470154143
-0.00155615040795
-0.00216340702403
-0.00159250330288
-0.00220308423530
-0.00162981877302
-0.00224371170208
-0.00166816280110
-0.00228535382899
-0.00170765760972
-0.00232810469850
-0.00174833802272
-0.00237200383799
-0.00179018053070
-0.00241711850772
-0.00183329896820
-0.00246354004899
-0.00187782049377
-0.00251122341275
-0.00192362739248
-0.00256033616381
-0.00197086826937
-0.00261082968383
-0.00201951266109
-0.00266279270065
-0.00206965409822
-0.00271630477446
-0.00212145227507
-0.00277151513481
-0.00217508310330
-0.00282853250417
-0.00223071535880
-0.00288743319369
-0.00228843222205
-0.00294822199810
-0.00234810924844
-0.00301086262971
-0.00240950883237
-0.00307565041167
-0.00247285196502
-0.00314389638047
-0.00253994595761
-0.00321299606776
-0.00260862895878
-0.00328559472650
-0.00268026999582
-0.00336073009306
-0.00275476576139
-0.00343879343726
-0.00283231441993
-0.00351997425991
-0.00291313606112
-0.00360449312425
-0.00299743826196
-0.00369256542746
-0.00308544766746
-0.00378444032929
-0.00317744454306
-0.00388040729481
-0.00327369952468
-0.00398078840621
-0.00337460844870
-0.00408570880144
-0.00348021844177
-0.00419619248777
-0.00359144784548
-0.00431151489400
-0.00370820056851
-0.00443300715265
-0.00383123569449
-0.00456113475819
-0.00396101689129
-0.00469616410617
-0.00409805906640
-0.00483864122638
-0.00424306023312
-0.00498935266193
-0.00439679564698
-0.00514916050826
-0.00456008852259
-0.00531897431027
-0.00473388762747
-0.00549977823935
-0.00491921782455
-0.00569268401980
-0.00511728304232
-0.00589893071670
-0.00532949596435
-0.00612013976813
-0.00555752677422
-0.00635795879966
-0.00580324707314
-0.00661447949141
-0.00606884193092
-0.00689208215084
-0.00635681590199
-0.00719344976574
-0.00667016872427
-0.00752184969816
-0.00701252941728
-0.00788123596856
-0.00738817261954
-0.00827630508647
-0.00780220685479
-0.00871276353156
-0.00826101256230
-0.00919765478860
-0.00877247070510
-0.00973962671747
-0.00934615503125
-0.01034963638032
-0.00999440839816
-0.01104145142100
-0.01073279778107
-0.01183289624480
-0.01158170013281
-0.01274737626005
-0.01256820039958
-0.01381635106120
-0.01372905383863
-0.01508295942757
-0.01511537421255
-0.01660804446572
-0.01680030171696
-0.01848020620300
-0.01889220769137
-0.02083368124932
-0.02155915075814
-0.02388246271390
-0.02507731057313
-0.02798996108190
-0.02993446147435
-0.03382331810598
-0.03707353118866
-0.04276493660772
-0.04860237578501
-0.05820460313557
-0.07037347059992
-0.09128220644046
-0.12696823156279
-0.21254953447701
-0.63627042410861
0.63627042410861
0.21254953447701
0.12696823156279
0.09128220644046
0.07037347059992
0.05820460313557
0.04860237578501
0.04276493660772
0.03707353118866
0.03382331810598
0.02993446147435
0.02798996108190
0.02507731057313
0.02388246271390
0.02155915075814
0.02083368124932
0.01889220769137
0.01848020620300
0.01680030171696
0.01660804446572
0.01511537421255
0.01508295942757
0.01372905383863
0.01381635106120
0.01256820039958
0.01274737626005
0.01158170013281
0.01183289624480
0.01073279778107
0.01104145142100
0.00999440839816
0.01034963638032
0.00934615503125
0.00973962671747
0.00877247070510
0.00919765478860
0.00826101256230
0.00871276353156
0.00780220685479
0.00827630508647
0.00738817261954
0.00788123596856
0.00701252941728
0.00752184969816
0.00667016872427
0.00719344976574
0.00635681590199
0.00689208215084
0.00606884193092
0.00661447949141
0.00580324707314
0.00635795879966
0.00555752677422
0.00612013976813
0.00532949596435
0.00589893071670
0.00511728304232
0.00569268401980
0.00491921782455
0.00549977823935
0.00473388762747
0.00531897431027
0.00456008852259
0.00514916050826
0.00439679564698
0.00498935266193
0.00424306023312
0.00483864122638
0.00409805906640
0.00469616410617
0.00396101689129
0.00456113475819
0.00383123569449
0.00443300715265
0.00370820056851
0.00431151489400
0.00359144784548
0.00419619248777
0.00348021844177
0.00408570880144
0.00337460844870
0.00398078840621
0.00327369952468
0.00388040729481
0.00317744454306
0.00378444032929
0.00308544766746
0.00369256542746
0.00299743826196
0.00360449312425
0.00291313606112
0.00351997425991
0.00283231441993
0.00343879343726
0.00275476576139
0.00336073009306
0.00268026999582
0.00328559472650
0.00260862895878
0.00321299606776
0.00253994595761
0.00314389638047
0.00247285196502
0.00307565041167
0.00240950883237
0.00301086262971
0.00234810924844
0.00294822199810
0.00228843222205
0.00288743319369
0.00223071535880
0.00282853250417
0.00217508310330
0.00277151513481
0.00212145227507
0.00271630477446
0.00206965409822
0.00266279270065
0.00201951266109
0.00261082968383
0.00197086826937
0.00256033616381
0.00192362739248
0.00251122341275
0.00187782049377
0.00246354004899
0.00183329896820
0.00241711850772
0.00179018053070
0.00237200383799
0.00174833802272
0.00232810469850
0.00170765760972
0.00228535382899
0.00166816280110
0.00224371170208
0.00162981877302
0.00220308423530
0.00159250330288
0.00216340702403
0.00155615040795
0.00212470154143
0.00152077219266
0.00208692410707
0.00148634792622
0.00204999931978
0.00145283990950
0.00201397190958
0.00142019972775
0.00197871342697
0.00138834480735
0.00194422946209
0.00135725680937
0.00191051889982
0.00132694551561
0.00187759194695
0.00129739177647
0.00184542416591
0.00126860732565
0.00181394000869
0.00124054197791
0.00178301497725
0.00121309235402
0.00175263521301
0.00118625195417
0.00172300000833
0.00116009252247
0.00169413914435
0.00113447362686
0.00166538406341
0.00110954974046
0.00163752773629
0.00108508036388
0.00161005238555
0.00106119274590
0.00158311536674
0.00103782602277
0.00155668288765
0.00101498529027
0.00153073374645
0.00099263718502
0.00150525483028
0.00097078089240
0.00148025009667
0.00094942085832
0.00145570254501
0.00092852741091
0.00143158410236
0.00090808264093
0.00140750946686
0.00088837687593
0.00138602897202
0.00086754799011
0.00136075853074
0.00084924315681
0.00133870884448
0.00083096699139
0.00131715480054
0.00081247898131
0.00129559123385
0.00079407909052
0.00127411045435
0.00077605785112
0.00125287958774
0.00075854541430
0.00123201458594
0.00074156333255
0.00121156629576
0.00072506527053
0.00119149295448
0.00070894193534
0.00117176244972
0.00069310601311
0.00115228273183
0.00067757156141
0.00113317151322
0.00066220566137
0.00111422671300
0.00064716184695
0.00109560605243
0.00063237464418
0.00107727478912
0.00061779076362
0.00105921031300
0.00060350766885
0.00104145012628
0.00058957623814
0.00102397463786
0.00057593053924
0.00100674882201
0.00056252542443
0.00098979922264
0.00054940070176
0.00097311190294
0.00053657372435
0.00095665766285
0.00052403430996
0.00094048662086
0.00051178801178
0.00092452007085
0.00049974755719
0.00090874569446
0.00048789835249
0.00089316953853
0.00047624623660
0.00087782355191
0.00046479009067
0.00086272121613
0.00045358490694
0.00084784952585
0.00044263087201
0.00083313157423
0.00043183889992
0.00081854484189
0.00042118474102
0.00080425275007
0.00041077219046
0.00079031629144
0.00040058199110
0.00077627238856
0.00039061110255
0.00076269891964
0.00038080639453
0.00074921578448
0.00037121321219
0.00073595397271
0.00036180350583
0.00072288439847
0.00035258904651
0.00070999254481
0.00034354053067
0.00069726163195
0.00033466171728
0.00068469643211
0.00032597303896
0.00067228422429
0.00031746985782
0.00065994954790
0.00030917749754
0.00064689917118
0.00030144920709
0.00064266375120
0.00029069026380
0.00062090754205
0.00028430847050
0.00061005926030
0.00027781361689
0.00060021846256
0.00027077503484
0.00059013980468
0.00026331486931
0.00057965316974
0.00025565921220
0.00056885350593
0.00024799550165
0.00055790164657
0.00024047772901
0.00054696081272
0.00023321669008
0.00053612651144
0.00022623116012
0.00052547408914
0.00021951719834
0.00051495841470
0.00021309407715
0.00050477688016
0.00020684257145
0.00049465086481
0.00020085819367
0.00048478820508
0.00019504402637
0.00047512432392
0.00018929248803
0.00046558603779
0.00018365279860
0.00045620173228
0.00017816531154
0.00044696954412
0.00017276102764
0.00043785006881
0.00016737353644
0.00042884396526
0.00016202863483
0.00041993738100
0.00015675199585
0.00041112634042
0.00015155866172
0.00040246005552
0.00014650518758
0.00039391739090
0.00014153156755
0.00038547276221
0.00013663791416
0.00037713315622
0.00013182582408
0.00036892498170
0.00012709467629
0.00036086005805
0.00012251331057
0.00035295137274
0.00011811183951
0.00034515058183
0.00011380969165
0.00033741442589
0.00010955084813
0.00032984226621
0.00010542425332
0.00032248554925
0.00010145926737
0.00031502824054
0.00009756600561
0.00030786764329
0.00009378277522
0.00030073593718
0.00009010070606
0.00029373584944
0.00008651062467
0.00028684611836
0.00008302419356
0.00028006044867
0.00007961028159
0.00027335773567
0.00007626355165
0.00026674110410
0.00007299931283
0.00026021757073
0.00006980987582
0.00025378845220
0.00006668924285
0.00024746078264
0.00006363621137
0.00511786492814